wait(5)

-- SCROLL TO THE "PlayAnimation" FUNCTION FOR FURTHER INSTRUCTION

local Player = game:GetService("Players"):WaitForChild("EnterYourUsernameHere")
local Char = Player.Character
local Hum = Char:WaitForChild("Humanoid")
local RootPart = Char:WaitForChild("HumanoidRootPart")
local Torso = Char:WaitForChild("Torso")
local Head = Char:WaitForChild("Head")
local RA = Char:WaitForChild("Right Arm")
local LA = Char:WaitForChild("Left Arm")
local RL = Char:WaitForChild("Right Leg")
local LL = Char:WaitForChild("Left Leg")
local RunningAnims = {}
local Animating = {}
local PauseAnims = {}

local function tick()
	return os.clock()
end

local function wait(Num)
	local CurrentTick = tick()
	repeat
		game:GetService("RunService").Stepped:Wait()
	until tick() >= CurrentTick + (Num or 0)
end

local function spawn(Func)
	coroutine.wrap(Func)()
end

function CreateWeld(PropertyTable)
	local Weld = Instance.new("Weld")
	Weld.Parent = PropertyTable.Parent
	Weld.Part0 = PropertyTable.Part0
	Weld.Part1 = PropertyTable.Part1
	Weld.C0 = PropertyTable.C0 or CFrame.new()
	return Weld
end

function SetTween(Instance,PropertyTable,Style,Direction,Time)
	Style = Enum.EasingStyle[Style]
	Direction = Enum.EasingDirection[Direction]
	local Info = TweenInfo.new(
		Time,
		Style,
		Direction,
		0,
		false,
		0
	)
	local TweenAnim = game:GetService("TweenService"):Create(Instance,Info,PropertyTable)
	TweenAnim:Play()
	return TweenAnim
end

-- Keyframe Order: Time Position, RJ, Neck, RS, LS, RH, LH

function PlayAnimation(AnimationTable,Priority,TweenTime,Looped,Speed,WaitUntilFinish,FunctionsAfterTime)
	local function Start()
		Priority = Priority or 1
		Speed = Speed or 1
		local Joints = {RJ,Neck,RS,LS,RH,LH,Grip} -- Don't change the first 6 elements. Any tool welds can be added afterward, like "Grip".
		local Id = tick().."/"..tostring(Looped).."|"..Priority
		table.insert(RunningAnims,Id)
		local PausedAnimIDs = {}
		local WaitForAnim
		local Delete = {}
		for v, Anim in pairs(RunningAnims) do
			if Anim ~= Id then
				for i = 2, #AnimationTable[1] do
					if AnimationTable[1][i] and table.find(Animating,tostring(Joints[i - 1].Part1)..Anim) and not table.find(PauseAnims,tostring(Joints[i - 1].Part1)..Anim) then
						if tonumber(string.sub(Anim,string.find(Anim,"|") + 1)) > Priority then
							table.insert(PauseAnims,tostring(Joints[i - 1].Part1)..Id)
							if string.sub(Anim,string.find(Anim,"/") + 1,string.find(Anim,"|") - 1) ~= "true" then
								WaitForAnim = Anim
							end
						elseif tonumber(string.sub(Anim,string.find(Anim,"|") + 1)) <= Priority then
							table.insert(PauseAnims,tostring(Joints[i - 1].Part1)..Anim)
							if not table.find(PausedAnimIDs,Anim) then
								table.insert(PausedAnimIDs,Anim)
							end
						end
					end
				end
				local AnimatingNum = 0
				local PausedNum = 0
				for _, Joint in pairs(Joints) do
					if table.find(Animating,tostring(Joint.Part1)..Anim) then
						AnimatingNum += 1
					end
					if table.find(PauseAnims,tostring(Joint.Part1)..Anim) then
						PausedNum += 1
					end
				end
				if table.find(RunningAnims,Anim) and (PausedNum == AnimatingNum or string.sub(Anim,string.find(Anim,"/") + 1,string.find(Anim,"|") - 1) == "true") then
					table.insert(Delete,Anim)
					if table.find(PausedAnimIDs,Anim) then
						table.remove(PausedAnimIDs,table.find(PausedAnimIDs,Anim))
					end
				end
			end
		end
		for _, Anim in pairs(Delete) do
			table.remove(RunningAnims,table.find(RunningAnims,Anim))
		end
		local Loops = 0
		local TablesCompleted = {}
		repeat
			local Tween
			local CurrentTimePos = AnimationTable[1][1]
			local TweenTime = TweenTime or .1
			for v, Keyframe in pairs(AnimationTable) do
				for i = 2, #Keyframe do
					if Keyframe[i] and table.find(RunningAnims,Id) then
						if not table.find(PauseAnims,tostring(Joints[i - 1].Part1)..Id) then
							if typeof(Keyframe[i]) == "CFrame" then
								if v == 1 then
									if Loops < 1 then
										Tween = SetTween(Joints[i - 1],{C0 = Keyframe[i]},"Linear","In",TweenTime)
									else
										Tween = SetTween(Joints[i - 1],{C0 = Keyframe[i]},"Linear","In",.05 / Speed)
									end
								else
									Tween = SetTween(Joints[i - 1],{C0 = Keyframe[i]},"Linear","In",(Keyframe[1] - CurrentTimePos) / Speed)
								end
							else
								Joints[i - 1].Part0 = Keyframe[i][1]
								if v == 1 then
									if Loops < 1 then
										SetTween(Joints[i - 1],{C0 = Keyframe[i][2]},"Linear","In",0)
									else
										Tween = SetTween(Joints[i - 1],{C0 = Keyframe[i][2]},"Linear","In",.05 / Speed)
									end
								else
									Tween = SetTween(Joints[i - 1],{C0 = Keyframe[i][2]},"Linear","In",(Keyframe[1] - CurrentTimePos) / Speed)
								end
							end
						end
						if not table.find(Animating,tostring(Joints[i - 1].Part1)..Id) then
							table.insert(Animating,tostring(Joints[i - 1].Part1)..Id)
						end
					end
				end
				while Tween and Tween.PlaybackState ~= Enum.PlaybackState.Completed do
					if WaitForAnim and not table.find(RunningAnims,WaitForAnim) then
						WaitForAnim = nil
						for _, Joint in pairs(Joints) do
							if table.find(PauseAnims,tostring(Joint.Part1)..Id) then
								table.remove(PauseAnims,table.find(PauseAnims,tostring(Joint.Part1)..Id))
							end
						end
					end
					local AnimatingNum = 0
					local PausedNum = 0
					for _, Joint in pairs(Joints) do
						if table.find(Animating,tostring(Joint.Part1)..Id) then
							AnimatingNum += 1
						end
						if table.find(PauseAnims,tostring(Joint.Part1)..Id) then
							PausedNum += 1
						end
					end
					if PausedNum == AnimatingNum and table.find(RunningAnims,Id) then
						table.remove(RunningAnims,table.find(RunningAnims,Id))
					end
					if not table.find(RunningAnims,Id) then
						break
					end
					wait()
				end
				if FunctionsAfterTime and #FunctionsAfterTime > 0 then
					for _, Table in pairs(FunctionsAfterTime) do
						if Keyframe[1] >= Table[1] and not table.find(TablesCompleted,Table) then
							spawn(Table[2])
							table.insert(TablesCompleted,Table)
						end
					end
				end
				for i = 2, #Keyframe do
					if Keyframe[i] and AnimationTable[v + 1] and AnimationTable[v + 1][i] == false and table.find(RunningAnims,Id) then
						local LaterKeyframe
						local LaterTimePos
						for _, Keyframe in pairs({table.unpack(AnimationTable,v + 2)}) do
							if Keyframe[i] then
								LaterKeyframe = Keyframe
								LaterTimePos = Keyframe[1]
								break
							end
						end
						if LaterTimePos then
							if not table.find(PauseAnims,tostring(Joints[i - 1].Part1)..Id) then
								if typeof(Keyframe[i]) == "CFrame" then
									SetTween(Joints[i - 1],{C0 = LaterKeyframe[i]},"Linear","In",(LaterTimePos - Keyframe[1]) / Speed)
								else
									Joints[i - 1].Part0 = Keyframe[i][1]
									SetTween(Joints[i - 1],{C0 = LaterKeyframe[i][2]},"Linear","In",(LaterTimePos - Keyframe[1]) / Speed)
								end
							end
							if not table.find(Animating,tostring(Joints[i - 1].Part1)..Id) then
								table.insert(Animating,tostring(Joints[i - 1].Part1)..Id)
							end
						end
					end
				end
				CurrentTimePos = Keyframe[1]
			end
			Loops += 1
			if not Tween then
				wait()
			end
		until not Looped or not table.find(RunningAnims,Id)
		for _, OtherId in pairs(PausedAnimIDs) do
			for _, Joint in pairs(Joints) do
				if table.find(Animating,tostring(Joint.Part1)..Id) and table.find(PauseAnims,tostring(Joint.Part1)..OtherId) then
					table.remove(PauseAnims,table.find(PauseAnims,tostring(Joint.Part1)..OtherId))
				end
			end
		end
		for _, Joint in pairs(Joints) do
			for i, Anim in pairs(Animating) do
				if Anim == tostring(Joint.Part1)..Id then
					table.remove(Animating,i)
				end
			end
			for i, Anim in pairs(PauseAnims) do
				if Anim == tostring(Joint.Part1)..Id then
					table.remove(PauseAnims,i)
				end
			end
		end
		if table.find(RunningAnims,Id) then
			table.remove(RunningAnims,table.find(RunningAnims,Id))
		end
	end
	if WaitUntilFinish then
		Start()
	else
		spawn(Start)
	end
end

local Handle = Instance.new("Part",Char)
Handle.CanCollide = false
Handle.Size = Vector3.new(0.122, 0.182, 1.397)
Handle.Color = Color3.fromRGB(40,40,40)

RJ = CreateWeld({Part0 = RootPart,Part1 = Torso,Parent = RootPart})
Neck = CreateWeld({Part0 = Torso,Part1 = Head,C0 = CFrame.new(0,1.5,0),Parent = RootPart})
RS = CreateWeld({Part0 = Torso,Part1 = RA,C0 = CFrame.new(1.5,0,0),Parent = RootPart})
LS = CreateWeld({Part0 = Torso,Part1 = LA,C0 = CFrame.new(-1.5,0,0),Parent = RootPart})
RH = CreateWeld({Part0 = Torso,Part1 = RL,C0 = CFrame.new(.5,-2,0),Parent = RootPart})
LH = CreateWeld({Part0 = Torso,Part1 = LL,C0 = CFrame.new(-.5,-2,0),Parent = RootPart})
Grip = CreateWeld({Part0 = Torso,Part1 = Handle,C0 = CFrame.new(-2.95,1.79,.55) * CFrame.Angles(math.pi / 2,1.1,math.pi / 2),Parent = RootPart})

local walk = {
	{
		{
			0.0000013000008038943633,
			CFrame.new(0, 1.66093349, 0, 1, 0, 0, 0, 0.901873469, 0.43200019, 0, -0.43200019, 0.901873469),
			CFrame.new(0, 1.48409653, 0.125110626, 1, 0, 0, 0, 0.96818918, -0.250219166, 0, 0.250219166, 0.96818918),
			CFrame.new(0.551364899, 0.546073914, -0.54460907, 0.0971346051, 0.994407654, -0.0414470211, 0.046053648, -0.0460902043, -0.997874856, -0.994204938, 0.0950194895, -0.0502732098),
			CFrame.new(-0.545845032, 0.635418892, -0.524787903, 0.0876605064, -0.995967209, -0.0190962404, -0.265916497, -0.00492179766, -0.963983297, 0.960001886, 0.0895813406, -0.265275657),
			CFrame.new(0.5, -1.21712875, -0.593833923, 1, -2.66147016e-08, -9.03656883e-09, 2.6614698e-08, 0.79326719, 0.608873308, -9.03656883e-09, -0.608873308, 0.79326731),
			CFrame.new(-0.5, -1.93739891, 0.348258972, 1, 1.52226036e-08, 2.73630363e-09, -1.52226036e-08, 0.93740052, 0.348252505, 2.73630363e-09, -0.348252565, 0.937400699),
		},
		{
			0.032328000001143664,
			CFrame.new(0, 1.66062927, 0, 1, 0, 0, 0, 0.901873469, 0.43200019, 0, -0.43200019, 0.901873469),
			CFrame.new(0, 1.48410511, 0.125068665, 1, 0, 0, 0, 0.968210995, -0.250134587, 0, 0.250134587, 0.968210995),
			CFrame.new(0.551364899, 0.546071053, -0.544612885, 0.0971346051, 0.994407654, -0.0414470211, 0.046053648, -0.0460902043, -0.997874856, -0.994204938, 0.0950194895, -0.0502732098),
			CFrame.new(-0.545845032, 0.635417938, -0.524791718, 0.0876605064, -0.995967209, -0.0190962404, -0.265916497, -0.00492179766, -0.963983297, 0.960001886, 0.0895813406, -0.265275657),
			CFrame.new(0.5, -1.21713066, -0.59387207, 1, -2.66147016e-08, -9.03656883e-09, 2.6614698e-08, 0.79326719, 0.608873308, -9.03656883e-09, -0.608873308, 0.79326731),
			CFrame.new(-0.5, -1.93740082, 0.348251343, 1, 1.52226036e-08, 2.73630363e-09, -1.52226036e-08, 0.93740052, 0.348252505, 2.73630363e-09, -0.348252565, 0.937400699),
		},
		{
			0.04921199999989767,
			CFrame.new(0, 1.66027451, 0, 1, 0, 0, 0, 0.901835263, 0.43208006, 0, -0.43208006, 0.901835263),
			CFrame.new(0, 1.48411465, 0.125026703, 1, 0, 0, 0, 0.968232751, -0.250050604, 0, 0.250050604, 0.968232751),
			CFrame.new(0.551410675, 0.546106339, -0.544647217, 0.0972167999, 0.994396389, -0.041525878, 0.0460423827, -0.0461723804, -0.997871637, -0.994197667, 0.0950980708, -0.05027318),
			CFrame.new(-0.545845032, 0.635418892, -0.524791718, 0.0876605064, -0.995967209, -0.0190962404, -0.265916526, -0.0049217958, -0.963983357, 0.960002065, 0.0895813555, -0.265275687),
			CFrame.new(0.5, -1.21713257, -0.593833923, 1, -2.66147016e-08, -9.03656883e-09, 2.66146998e-08, 0.79326731, 0.608873427, -9.03656883e-09, -0.608873367, 0.793267369),
			CFrame.new(-0.5, -1.93737221, 0.348339081, 1, 1.52261954e-08, 2.7376359e-09, -1.52261954e-08, 0.937370062, 0.34833473, 2.73763634e-09, -0.348334789, 0.937370181),
		},
		{
			0.06627470000057656,
			CFrame.new(0, 1.65976763, 0, 1, 0, 0, 0, 0.901796997, 0.432159871, 0, -0.432159871, 0.901796997),
			CFrame.new(0, 1.48412895, 0.124984741, 1, 0, 0, 0, 0.968254566, -0.249966115, 0, 0.249966115, 0.968254566),
			CFrame.new(0.55140686, 0.546028137, -0.544654846, 0.0972169191, 0.994399726, -0.0414471701, 0.0459636748, -0.0460858569, -0.997879267, -0.994201303, 0.0951058045, -0.0501866639),
			CFrame.new(-0.545806885, 0.63538456, -0.524765015, 0.0875910074, -0.995974064, -0.0190703124, -0.26584506, -0.00492143817, -0.964003265, 0.96002835, 0.0895075947, -0.265205711),
			CFrame.new(0.5, -1.21718597, -0.593902588, 1, -2.66115432e-08, -9.03414588e-09, 2.66115414e-08, 0.793322682, 0.608801126, -9.03414676e-09, -0.608801126, 0.793322802),
			CFrame.new(-0.5, -1.93733788, 0.348419189, 1, 1.5229789e-08, 2.73897172e-09, -1.5229789e-08, 0.937339544, 0.348416954, 2.73897127e-09, -0.348416984, 0.937339604),
		},
		{
			0.08296090000112599,
			CFrame.new(0, 1.65910864, 0, 1, 0, 0, 0, 0.901758671, 0.43223986, 0, -0.43223986, 0.901758671),
			CFrame.new(0, 1.48413658, 0.12494278, 1, 0, 0, 0, 0.968276322, -0.249882072, 0, 0.249882072, 0.968276322),
			CFrame.new(0.551364899, 0.545984268, -0.544620514, 0.0971354097, 0.994407475, -0.0414587036, 0.0458849072, -0.0460854657, -0.997883201, -0.994213045, 0.0950272754, -0.0501045585),
			CFrame.new(-0.545810699, 0.635307312, -0.524787903, 0.0875908285, -0.995972455, -0.0191440135, -0.265774041, -0.00484358892, -0.964023113, 0.960047841, 0.0895275176, -0.265127927),
			CFrame.new(0.5, -1.21718597, -0.59394455, 1, -2.66115432e-08, -9.03414588e-09, 2.6611545e-08, 0.793322682, 0.608801126, -9.03414588e-09, -0.608801067, 0.793322802),
			CFrame.new(-0.5, -1.93730927, 0.348499298, 1, 1.5233379e-08, 2.74030754e-09, -1.5233379e-08, 0.937308967, 0.34849906, 2.74030754e-09, -0.34849906, 0.937309027),
		},
		{
			0.1000441000014689,
			CFrame.new(0, 1.65829754, 0, 1, 0, 0, 0, 0.901720464, 0.432319611, 0, -0.432319611, 0.901720464),
			CFrame.new(0, 1.48415756, 0.124855042, 1, 0, 0, 0, 0.968319774, -0.249713525, 0, 0.249713525, 0.968319774),
			CFrame.new(0.551410675, 0.545936584, -0.544658661, 0.0972173959, 0.99439913, -0.0414588526, 0.0457949042, -0.0460814796, -0.997887373, -0.994208992, 0.0951134637, -0.0500183702),
			CFrame.new(-0.545810699, 0.635308266, -0.524791718, 0.0875908285, -0.995972455, -0.0191440135, -0.265774041, -0.00484358892, -0.964023113, 0.960047901, 0.089527525, -0.265127897),
			CFrame.new(0.5, -1.21724319, -0.594017029, 1, -2.66083831e-08, -9.03172293e-09, 2.66083831e-08, 0.793378174, 0.608728886, -9.03172293e-09, -0.608728826, 0.793378353),
			CFrame.new(-0.5, -1.93728065, 0.348579407, 1, 1.52369708e-08, 2.7416398e-09, -1.52369726e-08, 0.937278509, 0.348581254, 2.74163936e-09, -0.348581314, 0.937278628),
		},
		{
			0.11698770000111836,
			CFrame.new(0, 1.65738535, 0, 1, 0, 0, 0, 0.901682198, 0.432399392, 0, -0.432399392, 0.901682198),
			CFrame.new(0, 1.48419285, 0.124729156, 1, 0, 0, 0, 0.968384981, -0.249460459, 0, 0.249460459, 0.968384981),
			CFrame.new(0.551364899, 0.545898438, -0.544628143, 0.0971356183, 0.99440676, -0.0414705947, 0.0457160771, -0.0460814759, -0.997891068, -0.994220674, 0.0950349346, -0.0499364734),
			CFrame.new(-0.545860291, 0.635351181, -0.524822235, 0.0876842886, -0.99596566, -0.0190725178, -0.265767217, -0.00493711606, -0.964024544, 0.960041285, 0.089598693, -0.265127897),
			CFrame.new(0.5, -1.2172966, -0.594051361, 1, -2.66052247e-08, -9.02929997e-09, 2.66052265e-08, 0.793433666, 0.608656585, -9.02930175e-09, -0.608656645, 0.793433726),
			CFrame.new(-0.5, -1.93724823, 0.348667145, 1, 1.52405608e-08, 2.74297918e-09, -1.52405626e-08, 0.937247872, 0.348663479, 2.74297918e-09, -0.348663449, 0.937247992),
		},
		{
			0.15033730000141077,
			CFrame.new(0, 1.65505362, 0, 1, 0, 0, 0, 0.901528955, 0.432718784, 0, -0.432718784, 0.901528955),
			CFrame.new(0, 1.4842453, 0.124519348, 1, 0, 0, 0, 0.968493402, -0.249039233, 0, 0.249039233, 0.968493402),
			CFrame.new(0.551368713, 0.545805931, -0.544635773, 0.0971363634, 0.994402289, -0.0415730253, 0.0454571247, -0.046159707, -0.997899115, -0.994232297, 0.0950426534, -0.0496865511),
			CFrame.new(-0.545822144, 0.635240555, -0.524814606, 0.08761473, -0.995971024, -0.0191201419, -0.265624732, -0.00485902652, -0.9640643, 0.96008718, 0.0895448327, -0.264980078),
			CFrame.new(0.5, -1.21741104, -0.59419632, 1, -2.65988991e-08, -9.02444697e-09, 2.65989009e-08, 0.79354465, 0.608511925, -9.02444697e-09, -0.608511925, 0.793544769),
			CFrame.new(-0.5, -1.93712807, 0.348991394, 1, 1.52549422e-08, 2.74832956e-09, -1.52549422e-08, 0.937125444, 0.348992378, 2.74833001e-09, -0.348992437, 0.937125564),
		},
		{
			0.18308880000040517,
			CFrame.new(0, 1.652215, 0, 1, 0, 0, 0, 0.901375651, 0.433037996, 0, -0.433037996, 0.901375651),
			CFrame.new(0, 1.4843235, 0.124221802, 1, 0, 0, 0, 0.968644857, -0.248449415, 0, 0.248449415, 0.968644857),
			CFrame.new(0.551368713, 0.545637131, -0.544654846, 0.097136721, 0.994401276, -0.0415968671, 0.045119822, -0.0461513624, -0.997914791, -0.994247615, 0.0950574428, -0.0493502319),
			CFrame.new(-0.545833588, 0.635250092, -0.52482605, 0.0876382738, -0.995970786, -0.0190227181, -0.265546441, -0.00495224819, -0.9640854, 0.96010673, 0.0895420685, -0.26491034),
			CFrame.new(0.5, -1.21751976, -0.594345093, 1, -2.65925681e-08, -9.01959041e-09, 2.65925664e-08, 0.793655634, 0.608366966, -9.01958952e-09, -0.608366966, 0.793655753),
			CFrame.new(-0.5, -1.93700027, 0.349315643, 1, 1.52693058e-08, 2.7536835e-09, -1.5269304e-08, 0.937003016, 0.349321067, 2.75368262e-09, -0.349320978, 0.937003076),
		},
		{
			0.21708270000090124,
			CFrame.new(0, 1.64876795, 0, 1, 0, 0, 0, 0.901183903, 0.4334369, 0, -0.4334369, 0.901183903),
			CFrame.new(0, 1.48442078, 0.123844147, 1, 0, 0, 0, 0.968839169, -0.247690782, 0, 0.247690782, 0.968839169),
			CFrame.new(0.551368713, 0.545463562, -0.54466629, 0.0971374363, 0.994400322, -0.04162056, 0.0447821021, -0.0461427756, -0.997930467, -0.994262993, 0.0950725377, -0.0490135252),
			CFrame.new(-0.545795441, 0.635139465, -0.52481842, 0.087568596, -0.995975852, -0.0190704018, -0.265403748, -0.00487440825, -0.964124799, 0.960152268, 0.0894884169, -0.26476264),
			CFrame.new(0.5, -1.21768379, -0.594562531, 1, -2.65830824e-08, -9.01232156e-09, 2.65830806e-08, 0.79382199, 0.608150005, -9.01232156e-09, -0.608150005, 0.79382205),
			CFrame.new(-0.5, -1.93684769, 0.349731445, 1, 1.52872719e-08, 2.76038392e-09, -1.52872719e-08, 0.936849594, 0.349732041, 2.76038392e-09, -0.349731952, 0.936849713),
		},
		{
			0.24944510000023,
			CFrame.new(0, 1.64481449, 0, 1, 0, 0, 0, 0.900953472, 0.433915675, 0, -0.433915675, 0.900953472),
			CFrame.new(0, 1.48452663, 0.12342453, 1, 0, 0, 0, 0.969054163, -0.246847853, 0, 0.246847853, 0.969054163),
			CFrame.new(0.551322937, 0.545166016, -0.544654846, 0.0970559269, 0.994409978, -0.0415768996, 0.0442868769, -0.0460477397, -0.997956932, -0.994293034, 0.0950163901, -0.0485086441),
			CFrame.new(-0.545810699, 0.635072708, -0.524848938, 0.0875924379, -0.995974243, -0.0190465301, -0.265254319, -0.00488990359, -0.964165986, 0.960191488, 0.0895057991, -0.264614761),
			CFrame.new(0.5, -1.21790504, -0.59488678, 1, -2.6570433e-08, -9.00263331e-09, 2.65704294e-08, 0.794043601, 0.607860565, -9.00263419e-09, -0.607860625, 0.79404372),
			CFrame.new(-0.5, -1.93669701, 0.350143433, 1, 1.53052309e-08, 2.76709144e-09, -1.53052326e-08, 0.936696231, 0.350142896, 2.76709144e-09, -0.350142926, 0.936696231),
		},
		{
			0.28292220000003,
			CFrame.new(0, 1.64025211, 0, 1, 0, 0, 0, 0.900684416, 0.434473962, 0, -0.434473962, 0.900684416),
			CFrame.new(0, 1.48464298, 0.122966766, 1, 0, 0, 0, 0.969290018, -0.245920643, 0, 0.245920643, 0.969290018),
			CFrame.new(0.551326752, 0.544988632, -0.544670105, 0.0970565528, 0.99440521, -0.0416910723, 0.0438589156, -0.0461213253, -0.997972548, -0.994312048, 0.0950312465, -0.0480899215),
			CFrame.new(-0.545822144, 0.634929657, -0.524894714, 0.0876161009, -0.995971203, -0.0190966874, -0.265033722, -0.00482714176, -0.964226961, 0.960250199, 0.0895431116, -0.264388889),
			CFrame.new(0.5, -1.2180748, -0.595062256, 1, -2.65609437e-08, -8.99537511e-09, 2.65609437e-08, 0.794209778, 0.607643604, -8.99537511e-09, -0.607643604, 0.794209898),
			CFrame.new(-0.5, -1.93648338, 0.350723267, 1, 1.53303681e-08, 2.77649903e-09, -1.53303681e-08, 0.936481118, 0.350717902, 2.77649903e-09, -0.350717932, 0.936481237),
		},
		{
			0.31606120000105875,
			CFrame.new(0, 1.63518333, 0, 1, 0, 0, 0, 0.90037632, 0.435112, 0, -0.435112, 0.90037632),
			CFrame.new(0, 1.48478508, 0.122409821, 1, 0, 0, 0, 0.969567358, -0.24482435, 0, 0.24482435, 0.969567358),
			CFrame.new(0.551326752, 0.54473114, -0.544692993, 0.097057119, 0.99440366, -0.0417261496, 0.0433520973, -0.046108149, -0.997995257, -0.994334221, 0.0950536802, -0.0475845933),
			CFrame.new(-0.545848846, 0.634872437, -0.524936676, 0.0876633078, -0.995969236, -0.0189753026, -0.264805973, -0.00493603759, -0.96428889, 0.960308611, 0.0895575583, -0.264171451),
			CFrame.new(0.5, -1.21834946, -0.595428467, 1, -2.65451181e-08, -8.98327102e-09, 2.65451163e-08, 0.794486523, 0.607281506, -8.98327102e-09, -0.607281446, 0.794486701),
			CFrame.new(-0.5, -1.93626404, 0.351291656, 1, 1.53555089e-08, 2.78592083e-09, -1.53555106e-08, 0.936265409, 0.351293176, 2.78592038e-09, -0.351293117, 0.936265469),
		},
		{
			0.3495397000006051,
			CFrame.new(0, 1.62960768, 0, 1, 0, 0, 0, 0.900067866, 0.435749739, 0, -0.435749739, 0.900067866),
			CFrame.new(0, 1.4849205, 0.121868134, 1, 0, 0, 0, 0.969843686, -0.243727669, 0, 0.243727669, 0.969843686),
			CFrame.new(0.551326752, 0.544382095, -0.544719696, 0.0970577449, 0.994401753, -0.0417730585, 0.0426763594, -0.0460905954, -0.998025239, -0.994363427, 0.0950832739, -0.0469108224),
			CFrame.new(-0.545860291, 0.634729385, -0.524982452, 0.08768709, -0.995966196, -0.0190256685, -0.264585018, -0.00487303734, -0.964349806, 0.960367382, 0.0895950869, -0.263945162),
			CFrame.new(0.5, -1.21862793, -0.595783234, 1, -2.65292908e-08, -8.97118113e-09, 2.65292925e-08, 0.794763207, 0.606919408, -8.97118202e-09, -0.606919348, 0.794763327),
			CFrame.new(-0.5, -1.93598938, 0.352031708, 1, 1.53878172e-08, 2.7980569e-09, -1.53878172e-08, 0.935987771, 0.352032274, 2.79805601e-09, -0.352032274, 0.935987949),
		},
		{
			0.3823271000001114,
			CFrame.new(0, 1.62347412, 0, 1, 0, 0, 0, 0.899720311, 0.436466873, 0, -0.436466873, 0.899720311),
			CFrame.new(0, 1.48508072, 0.121227264, 1, 0, 0, 0, 0.970160842, -0.242462233, 0, 0.242462233, 0.970160842),
			CFrame.new(0.551330566, 0.544118881, -0.544750214, 0.0970574766, 0.994396269, -0.0418984368, 0.0420790911, -0.0461595282, -0.998047113, -0.99438858, 0.0951050892, -0.0463234782),
			CFrame.new(-0.545833588, 0.634624481, -0.524986267, 0.0876407772, -0.995971262, -0.0189756304, -0.264364243, -0.00488859415, -0.964410365, 0.96043241, 0.0895382613, -0.263727784),
			CFrame.new(0.5, -1.2189045, -0.596187592, 1, -2.65134599e-08, -8.9590948e-09, 2.65134599e-08, 0.795039654, 0.60655725, -8.95909391e-09, -0.60655725, 0.795039773),
			CFrame.new(-0.5, -1.93574142, 0.352687836, 1, 1.54165321e-08, 2.80887136e-09, -1.54165321e-08, 0.935740411, 0.352689147, 2.80887136e-09, -0.352689147, 0.93574059),
		},
		{
			0.3995468000011897,
			CFrame.new(0, 1.6202302, 0, 1, 0, 0, 0, 0.899526894, 0.436865449, 0, -0.436865449, 0.899526894),
			CFrame.new(0, 1.48517418, 0.120853424, 1, 0, 0, 0, 0.970350385, -0.24170278, 0, 0.24170278, 0.970350385),
			CFrame.new(0.55128479, 0.543907166, -0.544727325, 0.0969756693, 0.994402945, -0.0419328883, 0.0416618288, -0.0461502038, -0.998065352, -0.994414449, 0.0950411037, -0.0459040999),
			CFrame.new(-0.545848846, 0.634559631, -0.52501297, 0.0876647979, -0.995969832, -0.0189521462, -0.264214605, -0.00490349345, -0.964451551, 0.96047169, 0.0895557851, -0.263579547),
			CFrame.new(0.5, -1.21906853, -0.596366882, 1, -2.65039617e-08, -8.95185082e-09, 2.65039617e-08, 0.795205474, 0.606339931, -8.95185082e-09, -0.606339991, 0.795205593),
			CFrame.new(-0.5, -1.93558502, 0.353099823, 1, 1.54344697e-08, 2.81563572e-09, -1.54344697e-08, 0.935585618, 0.353099555, 2.81563572e-09, -0.353099585, 0.935585737),
		},
		{
			0.432778700000199,
			CFrame.new(0, 1.61426163, 0, 1, 0, 0, 0, 0.899159014, 0.43762207, 0, -0.43762207, 0.899159014),
			CFrame.new(0, 1.48533154, 0.120227814, 1, 0, 0, 0, 0.970659733, -0.240457609, 0, 0.240457609, 0.970659733),
			CFrame.new(0.55128479, 0.543540955, -0.544757843, 0.0969753712, 0.99440366, -0.0419142917, 0.0410110652, -0.0460694656, -0.99809587, -0.99444133, 0.0950719565, -0.0452492833),
			CFrame.new(-0.54586792, 0.634441376, -0.525062561, 0.0877062231, -0.995966852, -0.0189107507, -0.263952792, -0.00493019447, -0.964523017, 0.960539758, 0.0895861089, -0.263320625),
			CFrame.new(0.5, -1.21935654, -0.596748352, 1, -2.64873332e-08, -8.93917829e-09, 2.6487335e-08, 0.795495331, 0.605959535, -8.9391774e-09, -0.605959594, 0.79549545),
			CFrame.new(-0.5, -1.93531227, 0.353816986, 1, 1.54658686e-08, 2.82749824e-09, -1.54658686e-08, 0.935314178, 0.35381791, 2.82749824e-09, -0.353817821, 0.935314417),
		},
		{
			0.466239500001393,
			CFrame.new(0, 1.60603714, 0, 1, 0, 0, 0, 0.898673832, 0.438617557, 0, -0.438617557, 0.898673832),
			CFrame.new(0, 1.4855423, 0.119369507, 1, 0, 0, 0, 0.971081614, -0.238748029, 0, 0.238748029, 0.971081614),
			CFrame.new(0.551288605, 0.543125153, -0.544792175, 0.0969748646, 0.994398713, -0.042036809, 0.0401397943, -0.0461089574, -0.998129606, -0.994477153, 0.0951060504, -0.0443862975),
			CFrame.new(-0.545848846, 0.634248734, -0.525096893, 0.0876660496, -0.995970309, -0.0189287513, -0.263623238, -0.00487119332, -0.964613676, 0.960634232, 0.0895536616, -0.262987673),
			CFrame.new(0.5, -1.21972847, -0.597240448, 1, -2.64659423e-08, -8.9228962e-09, 2.64659441e-08, 0.795867801, 0.605470181, -8.92289798e-09, -0.605470181, 0.79586792),
			CFrame.new(-0.5, -1.9349308, 0.354820251, 1, 1.55098103e-08, 2.8441498e-09, -1.55098103e-08, 0.934933305, 0.354823172, 2.84415025e-09, -0.354823142, 0.934933424),
		},
		{
			0.49916940000002796,
			CFrame.new(0, 1.59817982, 0, 1, 0, 0, 0, 0.89820689, 0.43957293, 0, -0.43957293, 0.89820689),
			CFrame.new(0, 1.48573875, 0.11856842, 1, 0, 0, 0, 0.971474648, -0.237143338, 0, 0.237143338, 0.971474648),
			CFrame.new(0.551242828, 0.542650223, -0.54479599, 0.0968916863, 0.994403899, -0.0421052948, 0.0392147899, -0.0460855588, -0.998167515, -0.994522095, 0.0950628892, -0.0434606075),
			CFrame.new(-0.545833588, 0.634078979, -0.525131226, 0.0876427442, -0.995973408, -0.0188552886, -0.263252646, -0.0049020052, -0.964714408, 0.960737586, 0.0895139128, -0.262622297),
			CFrame.new(0.5, -1.22011757, -0.59778595, 1, -2.64437574e-08, -8.90602792e-09, 2.64437556e-08, 0.796253681, 0.604962647, -8.90602703e-09, -0.604962647, 0.7962538),
			CFrame.new(-0.5, -1.93458939, 0.35572052, 1, 1.55492561e-08, 2.85914226e-09, -1.55492561e-08, 0.93459034, 0.355725497, 2.85914226e-09, -0.355725497, 0.934590459),
		},
		{
			0.5336005000008299,
			CFrame.new(0, 1.58991814, 0, 1, 0, 0, 0, 0.897738993, 0.440527678, 0, -0.440527678, 0.897738993),
			CFrame.new(0, 1.48595238, 0.117683411, 1, 0, 0, 0, 0.971905947, -0.235369325, 0, 0.235369325, 0.971905947),
			CFrame.new(0.551200867, 0.542175293, -0.544792175, 0.096808061, 0.994409025, -0.0421733297, 0.0382891893, -0.046062015, -0.998204231, -0.994566083, 0.0950196087, -0.042534411),
			CFrame.new(-0.545860291, 0.633943558, -0.525184631, 0.0876897722, -0.99597019, -0.018808201, -0.262953103, -0.00493222475, -0.964795828, 0.960815191, 0.089548409, -0.262326062),
			CFrame.new(0.5, -1.22050095, -0.598293304, 1, -2.64215618e-08, -8.88917739e-09, 2.64215601e-08, 0.796639204, 0.604454875, -8.88917828e-09, -0.604454875, 0.796639323),
			CFrame.new(-0.5, -1.93421555, 0.356708527, 1, 1.55922777e-08, 2.87554158e-09, -1.55922777e-08, 0.934215069, 0.356709719, 2.87554203e-09, -0.356709719, 0.934215188),
		},
		{
			0.565762199999881,
			CFrame.new(0, 1.58119965, 0, 1, 0, 0, 0, 0.897230864, 0.441561759, 0, -0.441561759, 0.897230864),
			CFrame.new(0, 1.486166, 0.116798401, 1, 0, 0, 0, 0.972334027, -0.233594745, 0, 0.233594745, 0.972334027),
			CFrame.new(0.551200867, 0.541734695, -0.544830322, 0.0968058556, 0.994403064, -0.042320285, 0.0373518169, -0.0461196788, -0.998237252, -0.994602263, 0.0950545147, -0.0416074693),
			CFrame.new(-0.545848846, 0.63369751, -0.525230408, 0.0876671225, -0.995972216, -0.0188090354, -0.262510836, -0.00488400459, -0.964916646, 0.960938454, 0.089528963, -0.26188159),
			CFrame.new(0.5, -1.22094154, -0.598869324, 1, -2.63961866e-08, -8.8699359e-09, 2.63961866e-08, 0.797079444, 0.603874326, -8.8699359e-09, -0.603874326, 0.797079504),
			CFrame.new(-0.5, -1.93380737, 0.357776642, 1, 1.56388698e-08, 2.89336555e-09, -1.56388715e-08, 0.933807492, 0.357775688, 2.89336599e-09, -0.357775599, 0.933807611),
		},
		{
			0.5828495000005205,
			CFrame.new(0, 1.57668781, 0, 1, 0, 0, 0, 0.896956742, 0.442118257, 0, -0.442118257, 0.896956742),
			CFrame.new(0, 1.48627663, 0.116333008, 1, 0, 0, 0, 0.972556949, -0.232664987, 0, 0.232664987, 0.972556949),
			CFrame.new(0.551200867, 0.541471481, -0.544849396, 0.0968046635, 0.994401753, -0.0423538722, 0.0368436277, -0.046104718, -0.998256803, -0.994621277, 0.0950753987, -0.0411004722),
			CFrame.new(-0.545860291, 0.633630753, -0.525260925, 0.0876903683, -0.995970547, -0.0187853426, -0.262361228, -0.00489926338, -0.964957118, 0.960977018, 0.089545995, -0.261733651),
			CFrame.new(0.5, -1.2211628, -0.599124908, 1, -2.63834945e-08, -8.86032581e-09, 2.63834945e-08, 0.797299266, 0.603583992, -8.86032492e-09, -0.603583992, 0.797299385),
			CFrame.new(-0.5, -1.93361855, 0.358264923, 1, 1.56603726e-08, 2.90160784e-09, -1.56603708e-08, 0.933618784, 0.358267546, 2.9016074e-09, -0.358267576, 0.933618903),
		},
		{
			0.6168340000003809,
			CFrame.new(0, 1.56731033, 0, 1, 0, 0, 0, 0.896407425, 0.443231046, 0, -0.443231046, 0.896407425),
			CFrame.new(0, 1.48651028, 0.11536026, 1, 0, 0, 0, 0.973020136, -0.230720162, 0, 0.230720162, 0.973020136),
			CFrame.new(0.551200867, 0.541034698, -0.544883728, 0.0968014747, 0.994395792, -0.0425000526, 0.0359058082, -0.046161823, -0.998288333, -0.994655728, 0.0951098576, -0.0401732326),
			CFrame.new(-0.545848846, 0.633382797, -0.525310516, 0.0876673013, -0.995972455, -0.018786177, -0.261918664, -0.00485121831, -0.965077639, 0.961099803, 0.0895263404, -0.261289299),
			CFrame.new(0.5, -1.22160149, -0.599700928, 1, -2.63580926e-08, -8.84110918e-09, 2.63580908e-08, 0.79773891, 0.603002846, -8.84110829e-09, -0.603002846, 0.797739029),
			CFrame.new(-0.5, -1.93317795, 0.359416962, 1, 1.57105156e-08, 2.92088487e-09, -1.57105156e-08, 0.933177829, 0.359414697, 2.92088487e-09, -0.359414697, 0.933177948),
		},
		{
			0.6492083000011917,
			CFrame.new(0, 1.55757809, 0, 1, 0, 0, 0, 0.895817161, 0.444422811, 0, -0.444422811, 0.895817161),
			CFrame.new(0, 1.48676109, 0.114303589, 1, 0, 0, 0, 0.973519087, -0.228605717, 0, 0.228605717, 0.973519087),
			CFrame.new(0.551158905, 0.540470123, -0.544891357, 0.096715942, 0.994400978, -0.0425775386, 0.0348089933, -0.0461311266, -0.998328805, -0.994703293, 0.0950720981, -0.039075613),
			CFrame.new(-0.545833588, 0.633216858, -0.525344849, 0.0876444131, -0.995976031, -0.0187129825, -0.261547685, -0.00488137826, -0.965178192, 0.961203039, 0.0894867033, -0.260922968),
			CFrame.new(0.5, -1.22204018, -0.600288391, 1, -2.63326925e-08, -8.82192452e-09, 2.63326889e-08, 0.798177779, 0.602421761, -8.82192364e-09, -0.602421761, 0.798177838),
			CFrame.new(-0.5, -1.93273544, 0.360561371, 1, 1.57606515e-08, 2.94022939e-09, -1.57606532e-08, 0.932735264, 0.360561669, 2.94022984e-09, -0.360561669, 0.932735443),
		},
		{
			0.6670995000004041,
			CFrame.new(0, 1.55255985, 0, 1, 0, 0, 0, 0.895541131, 0.444978714, 0, -0.444978714, 0.895541131),
			CFrame.new(0, 1.48687744, 0.113800049, 1, 0, 0, 0, 0.973756909, -0.227590635, 0, 0.227590635, 0.973756909),
			CFrame.new(0.55115509, 0.540206909, -0.544906616, 0.0967138261, 0.994399607, -0.042610798, 0.0343002677, -0.0461159572, -0.998346925, -0.994721115, 0.0950923562, -0.0385682285),
			CFrame.new(-0.545898438, 0.633113861, -0.525424957, 0.0877609402, -0.995966256, -0.0186916441, -0.261319697, -0.00491147488, -0.965239763, 0.961254478, 0.0895947516, -0.26069653),
			CFrame.new(0.5, -1.22231483, -0.600650787, 1, -2.63168118e-08, -8.80994477e-09, 2.63168118e-08, 0.798451841, 0.602058411, -8.80994477e-09, -0.60205847, 0.79845196),
			CFrame.new(-0.5, -1.93248367, 0.361217499, 1, 1.57892899e-08, 2.95131386e-09, -1.57892899e-08, 0.932481647, 0.361216903, 2.95131386e-09, -0.361216813, 0.932481885),
		},
		{
			0.6839378000004217,
			CFrame.new(0, 1.54744053, 0, 1, 0, 0, 0, 0.895225286, 0.445613801, 0, -0.445613801, 0.895225286),
			CFrame.new(0, 1.48700714, 0.113246918, 1, 0, 0, 0, 0.974013329, -0.226490617, 0, 0.226490617, 0.974013329),
			CFrame.new(0.551113129, 0.539905548, -0.544891357, 0.0966291279, 0.994405925, -0.0426547565, 0.0337121189, -0.0461005494, -0.998367608, -0.994749308, 0.0950334147, -0.0379782021),
			CFrame.new(-0.545871735, 0.633010864, -0.525428772, 0.0877142698, -0.995971143, -0.0186422318, -0.261098146, -0.00492649898, -0.965299606, 0.961318791, 0.0895379484, -0.260478377),
			CFrame.new(0.5, -1.22253418, -0.600940704, 1, -2.63040949e-08, -8.80035955e-09, 2.63040931e-08, 0.798671126, 0.60176754, -8.80035689e-09, -0.60176748, 0.798671186),
			CFrame.new(-0.5, -1.93225861, 0.361793518, 1, 1.58143383e-08, 2.96102698e-09, -1.58143383e-08, 0.93225944, 0.361789882, 2.96102698e-09, -0.361789882, 0.93225956),
		},
		{
			0.7164201000014145,
			CFrame.new(0, 1.53694773, 0, 1, 0, 0, 0, 0.894592106, 0.446883589, 0, -0.446883589, 0.894592106),
			CFrame.new(0, 1.48726082, 0.11214447, 1, 0, 0, 0, 0.974522531, -0.224289671, 0, 0.224289671, 0.974522531),
			CFrame.new(0.551113129, 0.539377213, -0.544933319, 0.0966238528, 0.994399965, -0.0428103544, 0.032603085, -0.0461505875, -0.998402238, -0.994786918, 0.0950736254, -0.0368796587),
			CFrame.new(-0.545860291, 0.632766724, -0.525478363, 0.0876912028, -0.995973289, -0.0186433643, -0.260655344, -0.00487804413, -0.96541959, 0.961441219, 0.0895182192, -0.260033429),
			CFrame.new(0.5, -1.22302818, -0.601593018, 1, -2.62754885e-08, -8.778823e-09, 2.62754849e-08, 0.799163818, 0.601113021, -8.778823e-09, -0.601113081, 0.799163938),
			CFrame.new(-0.5, -1.93178177, 0.363018036, 1, 1.58680145e-08, 2.98189562e-09, -1.58680145e-08, 0.931782007, 0.363017887, 2.98189651e-09, -0.363017827, 0.931782126),
		},
		{
			0.7494990000013786,
			CFrame.new(0, 1.5261507, 0, 1, 0, 0, 0, 0.893956959, 0.44815284, 0, -0.44815284, 0.893956959),
			CFrame.new(0, 1.48751163, 0.111045837, 1, 0, 0, 0, 0.975026548, -0.222087964, 0, 0.222087964, 0.975026548),
			CFrame.new(0.551109314, 0.538763046, -0.544971466, 0.0966175348, 0.994397104, -0.0428867377, 0.0314143598, -0.0461135171, -0.998442054, -0.994825602, 0.0951197892, -0.0356937647),
			CFrame.new(-0.545894623, 0.632564545, -0.525562286, 0.087760523, -0.995968282, -0.018572554, -0.260205746, -0.00492328033, -0.965540528, 0.961556435, 0.0895691589, -0.259588897),
			CFrame.new(0.5, -1.22351837, -0.602249146, 1, -2.62468696e-08, -8.75731487e-09, 2.62468696e-08, 0.799655914, 0.600458384, -8.75731487e-09, -0.600458384, 0.799655914),
			CFrame.new(-0.5, -1.9312706, 0.364326477, 1, 1.59252345e-08, 3.00423508e-09, -1.59252362e-08, 0.931270957, 0.364326954, 3.00423508e-09, -0.364326954, 0.931271136),
		},
		{
			0.7826651000013953,
			CFrame.new(0, 1.51499939, 0, 1, 0, 0, 0, 0.893280089, 0.449500442, 0, -0.449500442, 0.893280089),
			CFrame.new(0, 1.48778248, 0.109855652, 1, 0, 0, 0, 0.975563824, -0.219715998, 0, 0.219715998, 0.975563824),
			CFrame.new(0.551063538, 0.538110733, -0.544979095, 0.0965280384, 0.99440223, -0.0429728068, 0.0301456749, -0.0460753068, -0.998483121, -0.994873703, 0.0950860754, -0.0344243944),
			CFrame.new(-0.545883179, 0.632316589, -0.525611877, 0.0877372175, -0.995970368, -0.0185738653, -0.259762645, -0.00487447158, -0.965659976, 0.961678386, 0.0895491242, -0.259143651),
			CFrame.new(0.5, -1.22406387, -0.602977753, 1, -2.62150586e-08, -8.7334513e-09, 2.6215055e-08, 0.800201833, 0.599730611, -8.73345041e-09, -0.599730611, 0.800201952),
			CFrame.new(-0.5, -1.93075752, 0.365634918, 1, 1.59824367e-08, 3.02665981e-09, -1.59824367e-08, 0.93075788, 0.365635544, 3.02665981e-09, -0.365635544, 0.930757999),
		},
		{
			0.815913600001295,
			CFrame.new(0, 1.50354385, 0, 1, 0, 0, 0, 0.892601073, 0.450847358, 0, -0.450847358, 0.892601073),
			CFrame.new(0, 1.48804855, 0.108669281, 1, 0, 0, 0, 0.976095319, -0.217343166, 0, 0.217343166, 0.976095319),
			CFrame.new(0.551017761, 0.537538528, -0.54498291, 0.0964376181, 0.994403839, -0.0431370176, 0.0289553404, -0.0461234376, -0.998516083, -0.99491781, 0.095045425, -0.033241272),
			CFrame.new(-0.545883179, 0.632078171, -0.525676727, 0.0877371579, -0.995972335, -0.018477723, -0.259240955, -0.00491905212, -0.965800166, 0.961819351, 0.0895266831, -0.258628279),
			CFrame.new(0.5, -1.22461128, -0.60370636, 1, -2.61832263e-08, -8.70961614e-09, 2.61832227e-08, 0.800747156, 0.599002421, -8.70961436e-09, -0.599002421, 0.800747275),
			CFrame.new(-0.5, -1.93021202, 0.367027283, 1, 1.60431863e-08, 3.05057668e-09, -1.60431881e-08, 0.930210829, 0.367025316, 3.05057712e-09, -0.367025375, 0.930210948),
		},
		{
			0.8491969000006065,
			CFrame.new(0, 1.49183464, 0, 1, 0, 0, 0, 0.891879737, 0.452272683, 0, -0.452272683, 0.891879737),
			CFrame.new(0, 1.4883194, 0.107444763, 1, 0, 0, 0, 0.976639509, -0.214884505, 0, 0.214884505, 0.976639509),
			CFrame.new(0.551013947, 0.53691864, -0.545021057, 0.096427694, 0.994397581, -0.0433010198, 0.0276738405, -0.0461654626, -0.998550415, -0.994955242, 0.0950896591, -0.0319705009),
			CFrame.new(-0.545917511, 0.631875992, -0.525756836, 0.0878062993, -0.995967567, -0.0184071809, -0.25879097, -0.00496351719, -0.965920746, 0.961934328, 0.0895774812, -0.258183151),
			CFrame.new(0.5, -1.22515488, -0.604431152, 1, -2.61513744e-08, -8.68581296e-09, 2.61513744e-08, 0.801291645, 0.598273754, -8.68581207e-09, -0.598273754, 0.801291764),
			CFrame.new(-0.5, -1.9296608, 0.368415833, 1, 1.61039164e-08, 3.07458947e-09, -1.61039164e-08, 0.929661512, 0.36841467, 3.07458947e-09, -0.36841467, 0.929661632),
		},
		{
			0.8822901000003185,
			CFrame.new(0, 1.48137951, 0, 1, 0, 0, 0, 0.891246557, 0.453519046, 0, -0.453519046, 0.891246557),
			CFrame.new(0, 1.48856163, 0.106327057, 1, 0, 0, 0, 0.977126598, -0.212657958, 0, 0.212657958, 0.977126598),
			CFrame.new(0.550964355, 0.536331177, -0.545024872, 0.0963367969, 0.994404078, -0.0433546342, 0.0265535116, -0.046109397, -0.998583317, -0.994994462, 0.0950490907, -0.030847013),
			CFrame.new(-0.545902252, 0.63158989, -0.525814056, 0.0877763778, -0.995968819, -0.0184700638, -0.25833118, -0.00485217199, -0.966044068, 0.962060332, 0.0895673633, -0.257715851),
			CFrame.new(0.5, -1.22567177, -0.605155945, 1, -2.61210999e-08, -8.66323191e-09, 2.61210964e-08, 0.801808238, 0.597580969, -8.66323013e-09, -0.597580969, 0.801808357),
			CFrame.new(-0.5, -1.92918396, 0.369617462, 1, 1.61565836e-08, 3.09550074e-09, -1.61565854e-08, 0.929183006, 0.369619578, 3.09550074e-09, -0.369619578, 0.929183125),
		},
		{
			0.8994500000007974,
			CFrame.new(0, 1.47378874, 0, 1, 0, 0, 0, 0.890793204, 0.454408884, 0, -0.454408884, 0.890793204),
			CFrame.new(0, 1.48873711, 0.1055336, 1, 0, 0, 0, 0.97747159, -0.211066857, 0, 0.211066857, 0.97747159),
			CFrame.new(0.550964355, 0.535913467, -0.54504776, 0.0963297039, 0.994401395, -0.043426577, 0.0257219672, -0.0461021028, -0.998605251, -0.995016813, 0.0950785428, -0.0300191045),
			CFrame.new(-0.54593277, 0.631496429, -0.525859833, 0.0878282338, -0.995966136, -0.0183618516, -0.258047104, -0.00494432077, -0.966119409, 0.962131739, 0.0895910263, -0.257440686),
			CFrame.new(0.5, -1.22602272, -0.605602264, 1, -2.6100377e-08, -8.64779182e-09, 2.61003734e-08, 0.802161455, 0.597106934, -8.64779182e-09, -0.597106993, 0.802161574),
			CFrame.new(-0.5, -1.92881584, 0.370536804, 1, 1.61967382e-08, 3.11149861e-09, -1.61967382e-08, 0.928817034, 0.370538145, 3.11149728e-09, -0.370538205, 0.928817153),
		},
		{
