wait(5)

-- SCROLL TO THE "PlayAnimation" FUNCTION FOR FURTHER INSTRUCTION

local Player = owner
local Char = Player.Character
local Hum = Char:WaitForChild("Humanoid")
local RootPart = Char:WaitForChild("HumanoidRootPart")
local Torso = Char:WaitForChild("Torso")
local Head = Char:WaitForChild("Head")
local RA = Char:WaitForChild("Right Arm")
local LA = Char:WaitForChild("Left Arm")
local RL = Char:WaitForChild("Right Leg")
local LL = Char:WaitForChild("Left Leg")
local RunningAnims = {}
local Animating = {}
local PauseAnims = {}

local function tick()
	return os.clock()
end

local function wait(Num)
	local CurrentTick = tick()
	repeat
		game:GetService("RunService").Stepped:Wait()
	until tick() >= CurrentTick + (Num or 0)
end

local function spawn(Func)
	coroutine.wrap(Func)()
end

function CreateWeld(PropertyTable)
	local Weld = Instance.new("Weld")
	Weld.Parent = PropertyTable.Parent
	Weld.Part0 = PropertyTable.Part0
	Weld.Part1 = PropertyTable.Part1
	Weld.C0 = PropertyTable.C0 or CFrame.new()
	return Weld
end

function SetTween(Instance,PropertyTable,Style,Direction,Time)
	Style = Enum.EasingStyle[Style]
	Direction = Enum.EasingDirection[Direction]
	local Info = TweenInfo.new(
		Time,
		Style,
		Direction,
		0,
		false,
		0
	)
	local TweenAnim = game:GetService("TweenService"):Create(Instance,Info,PropertyTable)
	TweenAnim:Play()
	return TweenAnim
end

-- Keyframe Order: Time Position, RJ, Neck, RS, LS, RH, LH

function PlayAnimation(AnimationTable,Priority,TweenTime,Looped,Speed,WaitUntilFinish,FunctionsAfterTime)
	local function Start()
		Priority = Priority or 1
		Speed = Speed or 1
		local Joints = {RJ,Neck,RS,LS,RH,LH,Grip} -- Don't change the first 6 elements. Any tool welds can be added afterward, like "Grip".
		local Id = tick().."/"..tostring(Looped).."|"..Priority
		table.insert(RunningAnims,Id)
		local PausedAnimIDs = {}
		local WaitForAnim
		local Delete = {}
		for v, Anim in pairs(RunningAnims) do
			if Anim ~= Id then
				for i = 2, #AnimationTable[1] do
					if AnimationTable[1][i] and table.find(Animating,tostring(Joints[i - 1].Part1)..Anim) and not table.find(PauseAnims,tostring(Joints[i - 1].Part1)..Anim) then
						if tonumber(string.sub(Anim,string.find(Anim,"|") + 1)) > Priority then
							table.insert(PauseAnims,tostring(Joints[i - 1].Part1)..Id)
							if string.sub(Anim,string.find(Anim,"/") + 1,string.find(Anim,"|") - 1) ~= "true" then
								WaitForAnim = Anim
							end
						elseif tonumber(string.sub(Anim,string.find(Anim,"|") + 1)) <= Priority then
							table.insert(PauseAnims,tostring(Joints[i - 1].Part1)..Anim)
							if not table.find(PausedAnimIDs,Anim) then
								table.insert(PausedAnimIDs,Anim)
							end
						end
					end
				end
				local AnimatingNum = 0
				local PausedNum = 0
				for _, Joint in pairs(Joints) do
					if table.find(Animating,tostring(Joint.Part1)..Anim) then
						AnimatingNum += 1
					end
					if table.find(PauseAnims,tostring(Joint.Part1)..Anim) then
						PausedNum += 1
					end
				end
				if table.find(RunningAnims,Anim) and (PausedNum == AnimatingNum or string.sub(Anim,string.find(Anim,"/") + 1,string.find(Anim,"|") - 1) == "true") then
					table.insert(Delete,Anim)
					if table.find(PausedAnimIDs,Anim) then
						table.remove(PausedAnimIDs,table.find(PausedAnimIDs,Anim))
					end
				end
			end
		end
		for _, Anim in pairs(Delete) do
			table.remove(RunningAnims,table.find(RunningAnims,Anim))
		end
		local Loops = 0
		local TablesCompleted = {}
		repeat
			local Tween
			local CurrentTimePos = AnimationTable[1][1]
			local TweenTime = TweenTime or .1
			for v, Keyframe in pairs(AnimationTable) do
				for i = 2, #Keyframe do
					if Keyframe[i] and table.find(RunningAnims,Id) then
						if not table.find(PauseAnims,tostring(Joints[i - 1].Part1)..Id) then
							if typeof(Keyframe[i]) == "CFrame" then
								if v == 1 then
									if Loops < 1 then
										Tween = SetTween(Joints[i - 1],{C0 = Keyframe[i]},"Linear","In",TweenTime)
									else
										Tween = SetTween(Joints[i - 1],{C0 = Keyframe[i]},"Linear","In",.05 / Speed)
									end
								else
									Tween = SetTween(Joints[i - 1],{C0 = Keyframe[i]},"Linear","In",(Keyframe[1] - CurrentTimePos) / Speed)
								end
							else
								Joints[i - 1].Part0 = Keyframe[i][1]
								if v == 1 then
									if Loops < 1 then
										SetTween(Joints[i - 1],{C0 = Keyframe[i][2]},"Linear","In",0)
									else
										Tween = SetTween(Joints[i - 1],{C0 = Keyframe[i][2]},"Linear","In",.05 / Speed)
									end
								else
									Tween = SetTween(Joints[i - 1],{C0 = Keyframe[i][2]},"Linear","In",(Keyframe[1] - CurrentTimePos) / Speed)
								end
							end
						end
						if not table.find(Animating,tostring(Joints[i - 1].Part1)..Id) then
							table.insert(Animating,tostring(Joints[i - 1].Part1)..Id)
						end
					end
				end
				while Tween and Tween.PlaybackState ~= Enum.PlaybackState.Completed do
					if WaitForAnim and not table.find(RunningAnims,WaitForAnim) then
						WaitForAnim = nil
						for _, Joint in pairs(Joints) do
							if table.find(PauseAnims,tostring(Joint.Part1)..Id) then
								table.remove(PauseAnims,table.find(PauseAnims,tostring(Joint.Part1)..Id))
							end
						end
					end
					local AnimatingNum = 0
					local PausedNum = 0
					for _, Joint in pairs(Joints) do
						if table.find(Animating,tostring(Joint.Part1)..Id) then
							AnimatingNum += 1
						end
						if table.find(PauseAnims,tostring(Joint.Part1)..Id) then
							PausedNum += 1
						end
					end
					if PausedNum == AnimatingNum and table.find(RunningAnims,Id) then
						table.remove(RunningAnims,table.find(RunningAnims,Id))
					end
					if not table.find(RunningAnims,Id) then
						break
					end
					wait()
				end
				if FunctionsAfterTime and #FunctionsAfterTime > 0 then
					for _, Table in pairs(FunctionsAfterTime) do
						if Keyframe[1] >= Table[1] and not table.find(TablesCompleted,Table) then
							spawn(Table[2])
							table.insert(TablesCompleted,Table)
						end
					end
				end
				for i = 2, #Keyframe do
					if Keyframe[i] and AnimationTable[v + 1] and AnimationTable[v + 1][i] == false and table.find(RunningAnims,Id) then
						local LaterKeyframe
						local LaterTimePos
						for _, Keyframe in pairs({table.unpack(AnimationTable,v + 2)}) do
							if Keyframe[i] then
								LaterKeyframe = Keyframe
								LaterTimePos = Keyframe[1]
								break
							end
						end
						if LaterTimePos then
							if not table.find(PauseAnims,tostring(Joints[i - 1].Part1)..Id) then
								if typeof(Keyframe[i]) == "CFrame" then
									SetTween(Joints[i - 1],{C0 = LaterKeyframe[i]},"Linear","In",(LaterTimePos - Keyframe[1]) / Speed)
								else
									Joints[i - 1].Part0 = Keyframe[i][1]
									SetTween(Joints[i - 1],{C0 = LaterKeyframe[i][2]},"Linear","In",(LaterTimePos - Keyframe[1]) / Speed)
								end
							end
							if not table.find(Animating,tostring(Joints[i - 1].Part1)..Id) then
								table.insert(Animating,tostring(Joints[i - 1].Part1)..Id)
							end
						end
					end
				end
				CurrentTimePos = Keyframe[1]
			end
			Loops += 1
			if not Tween then
				wait()
			end
		until not Looped or not table.find(RunningAnims,Id)
		for _, OtherId in pairs(PausedAnimIDs) do
			for _, Joint in pairs(Joints) do
				if table.find(Animating,tostring(Joint.Part1)..Id) and table.find(PauseAnims,tostring(Joint.Part1)..OtherId) then
					table.remove(PauseAnims,table.find(PauseAnims,tostring(Joint.Part1)..OtherId))
				end
			end
		end
		for _, Joint in pairs(Joints) do
			for i, Anim in pairs(Animating) do
				if Anim == tostring(Joint.Part1)..Id then
					table.remove(Animating,i)
				end
			end
			for i, Anim in pairs(PauseAnims) do
				if Anim == tostring(Joint.Part1)..Id then
					table.remove(PauseAnims,i)
				end
			end
		end
		if table.find(RunningAnims,Id) then
			table.remove(RunningAnims,table.find(RunningAnims,Id))
		end
	end
	if WaitUntilFinish then
		Start()
	else
		spawn(Start)
	end
end

local Handle = Instance.new("Part",Char)
Handle.CanCollide = false
Handle.Size = Vector3.new(0.122, 0.182, 1.397)
Handle.Color = Color3.fromRGB(40,40,40)

RJ = CreateWeld({Part0 = RootPart,Part1 = Torso,Parent = RootPart})
Neck = CreateWeld({Part0 = Torso,Part1 = Head,C0 = CFrame.new(0,1.5,0),Parent = RootPart})
RS = CreateWeld({Part0 = Torso,Part1 = RA,C0 = CFrame.new(1.5,0,0),Parent = RootPart})
LS = CreateWeld({Part0 = Torso,Part1 = LA,C0 = CFrame.new(-1.5,0,0),Parent = RootPart})
RH = CreateWeld({Part0 = Torso,Part1 = RL,C0 = CFrame.new(.5,-2,0),Parent = RootPart})
LH = CreateWeld({Part0 = Torso,Part1 = LL,C0 = CFrame.new(-.5,-2,0),Parent = RootPart})
Grip = CreateWeld({Part0 = Torso,Part1 = Handle,C0 = CFrame.new(-2.95,1.79,.55) * CFrame.Angles(math.pi / 2,1.1,math.pi / 2),Parent = RootPart})

Char.Humanoid.WalkSpeed = 60

local kan = Instance.new("Sound",Char.HumanoidRootPart)
kan.SoundId = "rbxassetid://7023635858"
kan.Volume = 2
kan.RollOffMaxDistance = 350
kan.Looped = true
kan:Play()

local idle = {
	{
		0.0000015000005078036338,
		CFrame.new(0, 1.80440903, -8.20159912e-05, 1, 0, 0, 0, 0.781617939, 0.623757541, 0, -0.623757541, 0.781617939),
		CFrame.new(0, 1.39420414, -0.307575226, 1, 0, 0, 0, 0.788410187, 0.615150034, 0, -0.615150034, 0.788410187),
		CFrame.new(0.591621399, 0.440442085, -1.03617191, 0.730486214, 0.418403834, -0.539747894, 0.505502641, -0.862687528, 0.0153979063, -0.459191293, -0.284091949, -0.841685951),
		CFrame.new(-0.976478577, -0.438729286, 0.350920677, 0.854813159, -0.5189358, -6.07034599e-05, 0.486099422, 0.800682545, 0.350163907, -0.18166402, -0.299354255, 0.936688542),
		CFrame.new(0.929759979, -2.16600037, -0.77175045, 0.980547011, -0.196284339, 8.5031715e-10, 0.196284354, 0.980546951, 0, 7.4505806e-09, -2.98023224e-08, 1.00000012),
		CFrame.new(-1.02142334, -2.13625717, -0.690600395, 0.945033073, 0.32697466, -2.40267894e-09, -0.32697469, 0.945033073, 0, 0, 0, 1.00000012),
	},
	{
		0.03428160000112257,
		CFrame.new(0, 1.80578804, -8.20159912e-05, 1, 0, 0, 0, 0.781503856, 0.623900414, 0, -0.623900414, 0.781503856),
		CFrame.new(0, 1.39428997, -0.307466507, 1, 0, 0, 0, 0.788578629, 0.614934027, 0, -0.614934027, 0.788578629),
		CFrame.new(0.591621399, 0.440615654, -1.03602886, 0.730486214, 0.418403894, -0.539747953, 0.505502641, -0.862687469, 0.0153978169, -0.459191322, -0.284091949, -0.841685891),
		CFrame.new(-0.97668457, -0.438414574, 0.350804329, 0.854813159, -0.5189358, -6.07034599e-05, 0.486099362, 0.800682545, 0.350163937, -0.18166402, -0.299354196, 0.936688423),
		CFrame.new(0.929267883, -2.16493416, -0.771749496, 0.980598032, -0.196029231, 8.48086046e-10, 0.196029246, 0.980597854, 0, 0, 0, 1),
		CFrame.new(-1.02051163, -2.13551426, -0.690601349, 0.945233166, 0.32639578, -2.39393572e-09, -0.32639578, 0.945232987, 0, -1.49011612e-08, 0, 1),
	},
	{
		0.06649190000098315,
		CFrame.new(0, 1.80992556, -8.20159912e-05, 1, 0, 0, 0, 0.781161189, 0.624329388, 0, -0.624329388, 0.781161189),
		CFrame.new(0, 1.39454269, -0.307144165, 1, 0, 0, 0, 0.789083481, 0.614285946, 0, -0.614285946, 0.789083481),
		CFrame.new(0.591621399, 0.441108704, -1.0356226, 0.730486214, 0.418403804, -0.539747894, 0.505502522, -0.862687528, 0.0153978765, -0.459191203, -0.28409189, -0.841685891),
		CFrame.new(-0.977306366, -0.437448502, 0.350442886, 0.854813099, -0.518935919, -6.07332622e-05, 0.486099452, 0.800682306, 0.350163996, -0.181664065, -0.299354196, 0.936688423),
		CFrame.new(0.927745819, -2.16168499, -0.771751404, 0.980767727, -0.195178539, 8.4066798e-10, 0.195178539, 0.980767608, 0, -7.4505806e-09, 0, 1),
		CFrame.new(-1.01770401, -2.13329124, -0.690601349, 0.945859909, 0.324575186, -2.36653719e-09, -0.324575186, 0.94585979, 0, -1.49011612e-08, 0, 1),
	},
	{
		0.09917900000073132,
		CFrame.new(0, 1.8168211, -8.20159912e-05, 1, 0, 0, 0, 0.780647099, 0.624972105, 0, -0.624972105, 0.780647099),
		CFrame.new(0, 1.39496136, -0.306602478, 1, 0, 0, 0, 0.789923608, 0.613205433, 0, -0.613205433, 0.789923608),
		CFrame.new(0.591621399, 0.441946983, -1.03495598, 0.730486214, 0.418403834, -0.539747894, 0.505502582, -0.862687528, 0.0153978765, -0.459191293, -0.28409189, -0.841685951),
		CFrame.new(-0.978343964, -0.435854912, 0.349850655, 0.854813159, -0.5189358, -6.07034599e-05, 0.486099362, 0.800682545, 0.350163907, -0.18166405, -0.299354255, 0.936688423),
		CFrame.new(0.925071716, -2.15627861, -0.771748543, 0.981071353, -0.193646595, 8.27398594e-10, 0.19364661, 0.981071234, 0, 0, 0, 1),
		CFrame.new(-1.01300049, -2.12953758, -0.690600395, 0.946905792, 0.321511149, -2.32082087e-09, -0.321511149, 0.946905673, 0, -1.49011612e-08, 2.98023224e-08, 1),
	},
	{
		0.11630850000074133,
		CFrame.new(0, 1.82128334, -8.20159912e-05, 1, 0, 0, 0, 0.780303836, 0.625400603, 0, -0.625400603, 0.780303836),
		CFrame.new(0, 1.39524174, -0.306241989, 1, 0, 0, 0, 0.79048264, 0.612484276, 0, -0.612484276, 0.79048264),
		CFrame.new(0.591621399, 0.442497253, -1.03452301, 0.730486214, 0.418403804, -0.539747894, 0.505502522, -0.862687469, 0.0153978765, -0.459191203, -0.28409192, -0.841685891),
		CFrame.new(-0.979019165, -0.434817314, 0.349460602, 0.854813099, -0.518935919, -6.07332622e-05, 0.486099452, 0.800682366, 0.350163966, -0.181664079, -0.299354285, 0.936688423),
		CFrame.new(0.92338562, -2.15279102, -0.771751404, 0.981255591, -0.192710757, 8.19344592e-10, 0.192710757, 0.981255412, 0, 0, 0, 1),
		CFrame.new(-1.01003265, -2.12712383, -0.690600395, 0.947550774, 0.319605201, -2.29263009e-09, -0.319605201, 0.947550654, 0, -1.49011612e-08, 2.98023224e-08, 1),
	},
	{
		0.1498998000024585,
		CFrame.new(0, 1.83215427, -8.20159912e-05, 1, 0, 0, 0, 0.779444754, 0.626470983, 0, -0.626470983, 0.779444754),
		CFrame.new(0, 1.39591217, -0.305377007, 1, 0, 0, 0, 0.791821718, 0.610752285, 0, -0.610752285, 0.791821718),
		CFrame.new(0.591621399, 0.443799973, -1.03348064, 0.730486214, 0.418403834, -0.539747894, 0.505502582, -0.862687528, 0.0153979063, -0.459191263, -0.28409189, -0.841685891),
		CFrame.new(-0.980659485, -0.432284355, 0.348514557, 0.854813159, -0.5189358, -6.07034599e-05, 0.486099362, 0.800682485, 0.350163966, -0.18166402, -0.299354196, 0.936688423),
		CFrame.new(0.919307709, -2.14422417, -0.771751404, 0.981704116, -0.190412834, 7.99737165e-10, 0.190412834, 0.981703997, 0, -7.4505806e-09, 0, 1),
		CFrame.new(-1.00262833, -2.12116241, -0.690601349, 0.949159861, 0.314794421, -2.22229346e-09, -0.314794421, 0.949159741, 0, -1.49011612e-08, -2.98023224e-08, 1),
	},
	{
		0.16702250000162167,
		CFrame.new(0, 1.84032774, -8.20159912e-05, 1, 0, 0, 0, 0.778784811, 0.627291203, 0, -0.627291203, 0.778784811),
		CFrame.new(0, 1.39641094, -0.304726601, 1, 0, 0, 0, 0.792823017, 0.609452009, 0, -0.609452009, 0.792823017),
		CFrame.new(0.591621399, 0.44479847, -1.03267765, 0.730486214, 0.418403894, -0.539747953, 0.505502701, -0.862687469, 0.0153978467, -0.459191322, -0.284091949, -0.841685951),
		CFrame.new(-0.981903076, -0.430377007, 0.347794533, 0.854813099, -0.518935919, -6.07332622e-05, 0.486099482, 0.800682366, 0.350163996, -0.181664094, -0.299354255, 0.936688423),
		CFrame.new(0.91619873, -2.13777637, -0.771751404, 0.982041061, -0.188667327, 7.85011167e-10, 0.188667327, 0.982041001, 0, 7.4505806e-09, 0, 1),
		CFrame.new(-0.997077942, -2.11666965, -0.690601349, 0.950350165, 0.311182439, -2.17026397e-09, -0.311182439, 0.950350106, 0, 1.49011612e-08, 0, 1),
	},
	{
		0.19914490000155638,
		CFrame.new(0, 1.85332823, -8.20159912e-05, 1, 0, 0, 0, 0.777778983, 0.628537834, 0, -0.628537834, 0.777778983),
		CFrame.new(0, 1.3972168, -0.303677559, 1, 0, 0, 0, 0.794431329, 0.607353926, 0, -0.607353926, 0.794431329),
		CFrame.new(0.591621399, 0.446405411, -1.03142548, 0.730486214, 0.418403834, -0.539747894, 0.505502582, -0.862687469, 0.0153978467, -0.459191263, -0.28409186, -0.841685891),
		CFrame.new(-0.983867645, -0.427336693, 0.346658707, 0.854813159, -0.5189358, -6.07034599e-05, 0.486099333, 0.800682425, 0.350163877, -0.181664005, -0.299354196, 0.936688364),
		CFrame.new(0.911273956, -2.12752247, -0.771727562, 0.98256886, -0.185899049, 7.61939845e-10, 0.185899034, 0.982568681, 0, 0, 0, 1),
		CFrame.new(-0.988227844, -2.10947704, -0.690601349, 0.952222645, 0.305404693, -2.088413e-09, -0.305404663, 0.952222466, 0, -1.49011612e-08, 0, 1),
	},
	{
		0.21594950000144308,
		CFrame.new(0, 1.86160326, -8.20159912e-05, 1, 0, 0, 0, 0.777087808, 0.629392147, 0, -0.629392147, 0.777087808),
		CFrame.new(0, 1.39773941, -0.302988052, 1, 0, 0, 0, 0.795481622, 0.605977535, 0, -0.605977535, 0.795481622),
		CFrame.new(0.591621399, 0.447419167, -1.0306139, 0.730486214, 0.418403834, -0.539747894, 0.505502522, -0.862687409, 0.0153978765, -0.459191233, -0.284091949, -0.841685772),
		CFrame.new(-0.98513031, -0.425390244, 0.345929146, 0.854813159, -0.5189358, -6.07034599e-05, 0.486099303, 0.800682425, 0.350163907, -0.181664035, -0.299354225, 0.936688423),
		CFrame.new(0.908115387, -2.12095833, -0.771749496, 0.982905626, -0.184110016, 7.47217399e-10, 0.184110016, 0.982905507, 0, 7.4505806e-09, 0, 0.999999881),
		CFrame.new(-0.982517242, -2.10483456, -0.690600395, 0.95341593, 0.30165875, -2.03625561e-09, -0.30165875, 0.953415811, 0, 1.49011612e-08, 0, 0.999999881),
	},
	{
		0.2490551000009873,
		CFrame.new(0, 1.87993765, -8.20159912e-05, 1, 0, 0, 0, 0.7756446, 0.631169915, 0, -0.631169915, 0.7756446),
		CFrame.new(0, 1.39886951, -0.301502228, 1, 0, 0, 0, 0.79773891, 0.603002965, 0, -0.603002965, 0.79773891),
		CFrame.new(0.591621399, 0.449678421, -1.02882004, 0.730486214, 0.418403834, -0.539747894, 0.505502582, -0.862687409, 0.0153978467, -0.459191322, -0.28409189, -0.841685891),
		CFrame.new(-0.987941742, -0.421053886, 0.344315529, 0.854813159, -0.5189358, -6.07034599e-05, 0.486099392, 0.800682545, 0.350163907, -0.18166402, -0.299354255, 0.936688423),
		CFrame.new(0.90114975, -2.10634708, -0.771727562, 0.983632028, -0.180188999, 7.15466797e-10, 0.180188999, 0.983631909, 0, 7.4505806e-09, -2.98023224e-08, 1),
		CFrame.new(-0.970039368, -2.09452915, -0.690601349, 0.9559623, 0.293489456, -1.92494909e-09, -0.293489456, 0.955962181, 0, 0, 2.98023224e-08, 1),
	},
	{
		0.26738810000097146,
		CFrame.new(0, 1.88999701, -8.20159912e-05, 1, 0, 0, 0, 0.774834275, 0.632164419, 0, -0.632164419, 0.774834275),
		CFrame.new(0, 1.39947224, -0.300702095, 1, 0, 0, 0, 0.798945069, 0.601404071, 0, -0.601404071, 0.798945069),
		CFrame.new(0.591621399, 0.450893402, -1.02783489, 0.730486214, 0.418403834, -0.539747894, 0.505502582, -0.862687469, 0.0153978765, -0.459191293, -0.28409189, -0.841685891),
		CFrame.new(-0.98948288, -0.418674469, 0.343423843, 0.854813159, -0.5189358, -6.07034599e-05, 0.486099392, 0.800682545, 0.350163907, -0.18166402, -0.299354255, 0.936688423),
		CFrame.new(0.897270203, -2.09831715, -0.77175045, 0.984035611, -0.177971765, 6.97824021e-10, 0.177971765, 0.984035492, 0, 0, -2.98023224e-08, 1),
		CFrame.new(-0.96308136, -2.0888052, -0.690600395, 0.957360029, 0.288897485, -1.86385307e-09, -0.288897485, 0.95735991, 0, 0, 0, 1),
	},
	{
		0.29971239999940735,
		CFrame.new(0, 1.91173887, -8.20159912e-05, 1, 0, 0, 0, 0.773151278, 0.634221613, 0, -0.634221613, 0.773151278),
		CFrame.new(0, 1.40077972, -0.29895401, 1, 0, 0, 0, 0.80156374, 0.597909272, 0, -0.597909272, 0.80156374),
		CFrame.new(0.591621399, 0.453585625, -1.02566433, 0.730486214, 0.418403834, -0.539747894, 0.505502582, -0.862687409, 0.0153979063, -0.459191233, -0.28409183, -0.841685891),
		CFrame.new(-0.992835999, -0.413502693, 0.341485977, 0.854813159, -0.5189358, -6.07034599e-05, 0.486099362, 0.800682425, 0.350163847, -0.181663975, -0.299354166, 0.936688423),
		CFrame.new(0.888977051, -2.08090973, -0.77175045, 0.984872639, -0.173279881, 6.61238175e-10, 0.173279867, 0.98487246, 0, 0, 2.98023224e-08, 0.99999994),
		CFrame.new(-0.948223114, -2.07635689, -0.690600395, 0.960258365, 0.279112637, -1.7371633e-09, -0.279112637, 0.960258186, 0, 1.49011612e-08, 0, 0.99999994),
	},
	{
		0.3165872000026866,
		CFrame.new(0, 1.92342091, -8.20159912e-05, 1, 0, 0, 0, 0.772220016, 0.635355234, 0, -0.635355234, 0.772220016),
		CFrame.new(0, 1.40148735, -0.298006058, 1, 0, 0, 0, 0.802975178, 0.596012473, 0, -0.596012473, 0.802975178),
		CFrame.new(0.591621399, 0.455032349, -1.02450562, 0.730486214, 0.418403834, -0.539747894, 0.505502582, -0.862687528, 0.0153979063, -0.459191263, -0.284091949, -0.84168601),
		CFrame.new(-0.99464798, -0.410707474, 0.340447426, 0.854813159, -0.5189358, -6.07034599e-05, 0.486099422, 0.800682545, 0.350163937, -0.181664035, -0.299354255, 0.936688423),
		CFrame.new(0.884567261, -2.07153225, -0.771749496, 0.985304952, -0.170804337, 6.42341291e-10, 0.170804352, 0.985304892, 0, -7.4505806e-09, 2.98023224e-08, 1),
		CFrame.new(-0.940151215, -2.0696125, -0.690600395, 0.961800635, 0.273750752, -1.66974701e-09, -0.273750782, 0.961800575, 0, 0, 0, 1),
	},
	{
		0.34849000000031083,
		CFrame.new(0, 1.94824553, -8.20159912e-05, 1, 0, 0, 0, 0.770234704, 0.63776058, 0, -0.63776058, 0.770234704),
		CFrame.new(0, 1.40299988, -0.295959473, 1, 0, 0, 0, 0.805997968, 0.591918349, 0, -0.591918349, 0.805997968),
		CFrame.new(0.591621399, 0.458129883, -1.02204514, 0.730486214, 0.418403834, -0.539747894, 0.505502582, -0.862687528, 0.0153979361, -0.459191293, -0.28409192, -0.841685891),
		CFrame.new(-0.998516083, -0.404741287, 0.338212967, 0.854813159, -0.5189358, -6.07034599e-05, 0.486099392, 0.800682545, 0.350163907, -0.18166405, -0.299354196, 0.936688542),
		CFrame.new(0.874984741, -2.05147743, -0.771751404, 0.986236811, -0.165338814, 6.01609429e-10, 0.165338814, 0.986236751, 0, 0, -2.98023224e-08, 1),
		CFrame.new(-0.923091888, -2.05508614, -0.690601349, 0.96495384, 0.262419611, -1.53191593e-09, -0.262419611, 0.96495378, 0, 0, 0, 1),
	},
	{
		0.3661647000008088,
		CFrame.new(0, 1.96130705, -8.20159912e-05, 1, 0, 0, 0, 0.769180179, 0.639031947, 0, -0.639031947, 0.769180179),
		CFrame.new(0, 1.40377617, -0.294895172, 1, 0, 0, 0, 0.807554245, 0.589793265, 0, -0.589793265, 0.807554245),
		CFrame.new(0.591621399, 0.459781647, -1.02074051, 0.730486214, 0.418403834, -0.539747894, 0.505502582, -0.862687469, 0.0153979063, -0.459191263, -0.28409192, -0.841685891),
		CFrame.new(-1.0005722, -0.401576996, 0.337034225, 0.854813159, -0.5189358, -6.07034599e-05, 0.486099362, 0.800682485, 0.350163877, -0.181664005, -0.299354225, 0.936688423),
		CFrame.new(0.869998932, -2.04085541, -0.77175045, 0.986705363, -0.162519425, 5.81128035e-10, 0.162519425, 0.986705244, 0, 0, 0, 1),
		CFrame.new(-0.914031982, -2.04734135, -0.690599442, 0.966579974, 0.25636521, -1.46083678e-09, -0.25636521, 0.966579795, 0, 0, -2.98023224e-08, 1),
	},
	{
		0.38346350000210805,
		CFrame.new(0, 1.97485542, -8.20159912e-05, 1, 0, 0, 0, 0.768064559, 0.640372455, 0, -0.640372455, 0.768064559),
		CFrame.new(0, 1.40457916, -0.293795586, 1, 0, 0, 0, 0.809157491, 0.587592006, 0, -0.587592006, 0.809157491),
		CFrame.new(0.591621399, 0.461489677, -1.01935196, 0.730486214, 0.418403834, -0.539747894, 0.505502582, -0.862687528, 0.0153979063, -0.459191263, -0.28409192, -0.841685951),
		CFrame.new(-1.00270844, -0.398286819, 0.335798264, 0.854813159, -0.5189358, -6.07034599e-05, 0.486099362, 0.800682545, 0.350163937, -0.18166402, -0.299354255, 0.936688423),
		CFrame.new(0.864738464, -2.02981377, -0.771751404, 0.987193406, -0.159528136, 5.59793989e-10, 0.159528136, 0.987193346, 0, 0, 0, 1),
		CFrame.new(-0.904689789, -2.03926086, -0.690600395, 0.968211055, 0.250134557, -1.38953737e-09, -0.250134587, 0.968211055, 0, 0, 0, 1),
	},
	{
		0.4159259000007296,
		CFrame.new(0, 2.00316811, -8.20159912e-05, 1, 0, 0, 0, 0.765766025, 0.643119276, 0, -0.643119276, 0.765766025),
		CFrame.new(0, 1.40625191, -0.291478157, 1, 0, 0, 0, 0.812502563, 0.582957745, 0, -0.582957745, 0.812502563),
		CFrame.new(0.591621399, 0.465079308, -1.01648617, 0.730486214, 0.418403834, -0.539747894, 0.505502582, -0.862687469, 0.0153978765, -0.459191293, -0.284091949, -0.841685891),
		CFrame.new(-1.00719452, -0.391355515, 0.333210945, 0.854813159, -0.5189358, -6.07034599e-05, 0.486099362, 0.800682545, 0.350163907, -0.18166402, -0.299354255, 0.936688423),
		CFrame.new(0.853786469, -2.00660229, -0.77175045, 0.988182068, -0.153284669, 5.1657878e-10, 0.153284669, 0.988181949, 0, 7.4505806e-09, 2.98023224e-08, 1),
		CFrame.new(-0.885093689, -2.02213764, -0.690600395, 0.971515834, 0.236974642, -1.24508404e-09, -0.236974657, 0.971515715, 0, 7.4505806e-09, -2.98023224e-08, 1),
	},
	{
		0.43294860000241897,
		CFrame.new(0, 2.01785231, -8.20159912e-05, 1, 0, 0, 0, 0.764582813, 0.644525468, 0, -0.644525468, 0.764582813),
		CFrame.new(0, 1.4071207, -0.290261269, 1, 0, 0, 0, 0.81424284, 0.580524266, 0, -0.580524266, 0.81424284),
		CFrame.new(0.591621399, 0.466959953, -1.01498127, 0.730486214, 0.418403834, -0.539747894, 0.505502582, -0.862687409, 0.0153979063, -0.459191263, -0.28409189, -0.841685891),
		CFrame.new(-1.00954819, -0.387723923, 0.331850052, 0.854813159, -0.5189358, -6.07034599e-05, 0.486099303, 0.800682425, 0.350163907, -0.181664005, -0.299354225, 0.936688423),
		CFrame.new(0.848072052, -1.99445343, -0.771751404, 0.988680959, -0.150033087, 4.94772223e-10, 0.150033087, 0.98868084, 0, 0, 0, 0.99999994),
		CFrame.new(-0.874820709, -2.01308727, -0.690600395, 0.973180294, 0.23004362, -1.17232801e-09, -0.230043605, 0.973180175, 0, 0, 0, 0.99999994),
	},
	{
		0.4668913000023167,
		CFrame.new(0, 2.04827452, -8.20159912e-05, 1, 0, 0, 0, 0.762148082, 0.647402704, 0, -0.647402704, 0.762148082),
		CFrame.new(0, 1.40892792, -0.28771019, 1, 0, 0, 0, 0.817855358, 0.575423717, 0, -0.575423717, 0.817855358),
		CFrame.new(0.591621399, 0.470898628, -1.01185417, 0.730486214, 0.418403834, -0.539747894, 0.505502582, -0.862687409, 0.0153978467, -0.459191263, -0.284091949, -0.841685891),
		CFrame.new(-1.01446152, -0.380152702, 0.3290205, 0.854813159, -0.5189358, -6.07034599e-05, 0.486099362, 0.800682425, 0.350163907, -0.181664005, -0.299354166, 0.936688423),
		CFrame.new(0.836143494, -1.9691267, -0.771749496, 0.989696145, -0.143183514, 4.50395277e-10, 0.143183514, 0.989695966, 0, 7.4505806e-09, 0, 0.99999994),
		CFrame.new(-0.853572845, -1.99413013, -0.690600395, 0.976471305, 0.215647414, -1.02847153e-09, -0.215647399, 0.976471186, 0, 0, 2.98023224e-08, 0.99999994),
	},
	{
		0.5001224000006914,
		CFrame.new(0, 2.07991362, -8.20159912e-05, 1, 0, 0, 0, 0.759581029, 0.650412679, 0, -0.650412679, 0.759581029),
		CFrame.new(0, 1.41074276, -0.285114288, 1, 0, 0, 0, 0.821484387, 0.570230961, 0, -0.570230961, 0.821484387),
		CFrame.new(0.591621399, 0.475008965, -1.00858212, 0.730486214, 0.418403834, -0.539747894, 0.505502582, -0.862687409, 0.0153978765, -0.459191293, -0.28409186, -0.841685891),
		CFrame.new(-1.01962662, -0.372182846, 0.326036453, 0.854813159, -0.5189358, -6.07034599e-05, 0.486099333, 0.800682485, 0.350163877, -0.18166402, -0.299354285, 0.936688423),
		CFrame.new(0.823726654, -1.94259644, -0.771751404, 0.990699053, -0.136071309, 4.06558343e-10, 0.136071309, 0.990698934, 0, 0, -2.98023224e-08, 1),
		CFrame.new(-0.831394196, -1.97404671, -0.690600395, 0.979686379, 0.20053567, -8.87936835e-10, -0.20053567, 0.97968626, 0, -7.4505806e-09, 2.98023224e-08, 1),
	},
	{
		0.5328724999999395,
		CFrame.new(0, 2.11252642, -8.20159912e-05, 1, 0, 0, 0, 0.756879866, 0.653553963, 0, -0.653553963, 0.756879866),
		CFrame.new(0, 1.41263962, -0.282360077, 1, 0, 0, 0, 0.825280726, 0.564722538, 0, -0.564722538, 0.825280726),
		CFrame.new(0.591621399, 0.479322433, -1.00513744, 0.730486214, 0.418403834, -0.539747894, 0.505502522, -0.862687409, 0.0153978467, -0.459191233, -0.28409192, -0.841685832),
		CFrame.new(-1.02501678, -0.363864899, 0.322925568, 0.854813159, -0.5189358, -6.07034599e-05, 0.486099303, 0.800682425, 0.350163937, -0.181664005, -0.299354225, 0.936688304),
		CFrame.new(0.810775757, -1.91491985, -0.771749496, 0.991695166, -0.128610462, 3.63016284e-10, 0.128610447, 0.991694987, 0, 7.4505806e-09, 0, 0.99999994),
		CFrame.new(-0.80834198, -1.95284176, -0.690600395, 0.982793748, 0.18470639, -7.52109486e-10, -0.184706375, 0.98279351, 0, 7.4505806e-09, 2.98023224e-08, 0.99999994),
	},
	{
		0.5661513000013656,
		CFrame.new(0, 2.14595032, -8.20159912e-05, 1, 0, 0, 0, 0.754103124, 0.656755984, 0, -0.656755984, 0.754103124),
		CFrame.new(0, 1.4145174, -0.279597282, 1, 0, 0, 0, 0.829036355, 0.559194565, 0, -0.559194565, 0.829036355),
		CFrame.new(0.591621399, 0.483782768, -1.00157833, 0.730486214, 0.418403834, -0.539747894, 0.505502582, -0.862687409, 0.0153978467, -0.459191203, -0.28409186, -0.841685832),
		CFrame.new(-1.03062057, -0.355220795, 0.319700241, 0.854813159, -0.5189358, -6.07034599e-05, 0.486099362, 0.800682425, 0.350163847, -0.181664005, -0.299354225, 0.936688423),
		CFrame.new(0.79750061, -1.88629532, -0.77175045, 0.992655694, -0.120973684, 3.21030313e-10, 0.120973676, 0.992655516, 0, 0, 0, 0.99999994),
		CFrame.new(-0.784637451, -1.93066502, -0.690601349, 0.985731006, 0.168328241, -6.23717966e-10, -0.168328226, 0.985730767, 0, 7.4505806e-09, 0, 0.99999994),
	},
	{
		0.5997361000008823,
		CFrame.new(0, 2.17986107, 0, 1, 0, 0, 0, 0.751310647, 0.659948707, 0, -0.659948707, 0.751310647),
		CFrame.new(0, 1.41645145, -0.276712418, 1, 0, 0, 0, 0.83290112, 0.553421855, 0, -0.553421855, 0.83290112),
		CFrame.new(0.591621399, 0.488385201, -0.997900963, 0.730486214, 0.418403834, -0.539747894, 0.505502582, -0.862687469, 0.0153978765, -0.459191233, -0.28409189, -0.841685891),
		CFrame.new(-1.03640747, -0.346297264, 0.316364288, 0.854813159, -0.5189358, -6.07034599e-05, 0.486099362, 0.800682425, 0.350163937, -0.18166399, -0.299354225, 0.936688423),
		CFrame.new(0.78383255, -1.85682583, -0.771751404, 0.993586719, -0.113072529, 2.80333978e-10, 0.113072529, 0.99358654, 0, -3.7252903e-09, 2.98023224e-08, 1),
		CFrame.new(-0.760425568, -1.90758514, -0.690601349, 0.98845911, 0.151487708, -5.04467579e-10, -0.151487708, 0.988458991, 0, 0, 0, 1),
	},
	{
		0.6325056000023324,
		CFrame.new(0, 2.21409655, 0, 1, 0, 0, 0, 0.748502254, 0.66313225, 0, -0.66313225, 0.748502254),
		CFrame.new(0, 1.41836166, -0.273814201, 1, 0, 0, 0, 0.83672142, 0.54762876, 0, -0.54762876, 0.83672142),
		CFrame.new(0.591621399, 0.493131638, -0.994135857, 0.730486214, 0.418403834, -0.539747894, 0.505502582, -0.862687469, 0.0153978765, -0.459191263, -0.28409189, -0.841685891),
		CFrame.new(-1.04234695, -0.337121964, 0.312931061, 0.854813159, -0.5189358, -6.07034599e-05, 0.486099392, 0.800682545, 0.350163877, -0.18166402, -0.299354166, 0.936688483),
		CFrame.new(0.769893646, -1.82663536, -0.771749496, 0.994472802, -0.104994729, 2.41602294e-10, 0.104994729, 0.994472682, 0, 0, 0, 1),
		CFrame.new(-0.735813141, -1.88371658, -0.690600395, 0.990944684, 0.134270832, -3.95822042e-10, -0.134270832, 0.990944624, 0, 0, 0, 1),
	},
	{
		0.6503401000009035,
		CFrame.new(0, 2.23129511, 0, 1, 0, 0, 0, 0.747030854, 0.664789379, 0, -0.664789379, 0.747030854),
		CFrame.new(0, 1.41931915, -0.272342682, 1, 0, 0, 0, 0.838639677, 0.544686735, 0, -0.544686735, 0.838639677),
		CFrame.new(0.591621399, 0.495504379, -0.992196083, 0.730486214, 0.418403834, -0.539747894, 0.505502582, -0.862687528, 0.0153978765, -0.459191263, -0.284091949, -0.841685891),
		CFrame.new(-1.04537582, -0.332453728, 0.311191559, 0.854813159, -0.5189358, -6.07034599e-05, 0.486099362, 0.800682485, 0.350163877, -0.18166402, -0.299354255, 0.936688542),
		CFrame.new(0.762798309, -1.81133747, -0.77175045, 0.994899869, -0.100867525, 2.22932783e-10, 0.100867525, 0.99489975, 0, 3.7252903e-09, 2.98023224e-08, 1),
		CFrame.new(-0.723392487, -1.87151051, -0.690601349, 0.992090762, 0.125522479, -3.45725226e-10, -0.125522479, 0.992090583, 0, 3.7252903e-09, 0, 1),
	},
	{
		0.682275800001662,
		CFrame.new(0, 2.26569223, 0, 1, 0, 0, 0, 0.74413681, 0.668027282, 0, -0.668027282, 0.74413681),
		CFrame.new(0, 1.42119694, -0.269432068, 1, 0, 0, 0, 0.842393458, 0.538862884, 0, -0.538862884, 0.842393458),
		CFrame.new(0.591621399, 0.500397682, -0.98831749, 0.730486214, 0.418403834, -0.539747894, 0.505502582, -0.862687588, 0.0153979063, -0.459191322, -0.284091949, -0.841685891),
		CFrame.new(-1.05151367, -0.322989464, 0.307648659, 0.854813159, -0.5189358, -6.07034599e-05, 0.486099362, 0.800682545, 0.350163937, -0.181664005, -0.299354225, 0.936688542),
		CFrame.new(0.748626709, -1.78038311, -0.77175045, 0.995702505, -0.0926096886, 1.87849736e-10, 0.0926096961, 0.995702386, 0, 0, -2.98023224e-08, 1),
		CFrame.new(-0.698383331, -1.84659767, -0.690600395, 0.994169176, 0.107831672, -2.54871679e-10, -0.107831679, 0.994169116, 0, 0, -2.98023224e-08, 1),
	},
	{
		0.6993595000021742,
		CFrame.new(0, 2.28281021, 0, 1, 0, 0, 0, 0.742714584, 0.669608176, 0, -0.669608176, 0.742714584),
		CFrame.new(0, 1.42213917, -0.267953873, 1, 0, 0, 0, 0.844277978, 0.5359056, 0, -0.5359056, 0.844277978),
		CFrame.new(0.591621399, 0.502829552, -0.986376762, 0.730486214, 0.418403834, -0.539747894, 0.505502582, -0.862687528, 0.0153978467, -0.459191263, -0.28409192, -0.841685891),
		CFrame.new(-1.05461502, -0.318203926, 0.305855751, 0.854813159, -0.5189358, -6.07034599e-05, 0.486099362, 0.800682545, 0.350163907, -0.18166402, -0.299354196, 0.936688542),
		CFrame.new(0.741531372, -1.76482201, -0.77175045, 0.996078014, -0.0884792879, 1.71436199e-10, 0.0884792954, 0.996077955, 0, 0, 2.98023224e-08, 1),
		CFrame.new(-0.685813904, -1.83393002, -0.690600395, 0.995098412, 0.0988896787, -2.14253504e-10, -0.0988896936, 0.995098352, 0, 0, 0, 1),
	},
	{
		0.7332022000009601,
		CFrame.new(0, 2.31672049, 0, 1, 0, 0, 0, 0.739858329, 0.672762752, 0, -0.672762752, 0.739858329),
		CFrame.new(0, 1.42395973, -0.26506424, 1, 0, 0, 0, 0.847917676, 0.530128121, 0, -0.530128121, 0.847917676),
		CFrame.new(0.591621399, 0.507810593, -0.982411385, 0.730486214, 0.418403834, -0.539747894, 0.505502641, -0.862687469, 0.0153978467, -0.459191322, -0.284091949, -0.841685951),
		CFrame.new(-1.06087875, -0.308532715, 0.302240372, 0.854813159, -0.5189358, -6.07034599e-05, 0.486099422, 0.800682545, 0.350163937, -0.181664065, -0.299354225, 0.936688483),
		CFrame.new(0.727245331, -1.7334671, -0.771751404, 0.996784508, -0.0801289007, 1.40552459e-10, 0.0801289082, 0.996784449, 0, 0, 0, 1),
		CFrame.new(-0.66078186, -1.80830193, -0.690601349, 0.99671495, 0.0809893161, -1.43593581e-10, -0.0809893161, 0.99671489, 0, 0, 0, 1),
	},
	{
		0.7652015000021493,
		CFrame.new(0, 2.3500638, 0, 1, 0, 0, 0, 0.737048805, 0.675839543, 0, -0.675839543, 0.737048805),
		CFrame.new(0, 1.42575836, -0.262166977, 1, 0, 0, 0, 0.85151422, 0.52433157, 0, -0.52433157, 0.85151422),
		CFrame.new(0.591621399, 0.51279068, -0.978415489, 0.730486214, 0.418403834, -0.539747894, 0.505502641, -0.862687528, 0.0153978467, -0.459191233, -0.28409192, -0.841685951),
		CFrame.new(-1.06720734, -0.298779488, 0.298600197, 0.854813159, -0.5189358, -6.07034599e-05, 0.486099392, 0.800682545, 0.350163966, -0.181664035, -0.299354225, 0.936688483),
		CFrame.new(0.712989807, -1.70206261, -0.771726608, 0.997420967, -0.0717736557, 1.1273471e-10, 0.0717736632, 0.997420907, 0, 0, -2.98023224e-08, 1),
		CFrame.new(-0.635871887, -1.78232002, -0.690601349, 0.998009145, 0.0630697384, -8.70237216e-11, -0.0630697459, 0.998009026, 0, 3.7252903e-09, -2.98023224e-08, 1),
	},
	{
		0.7829447000003711,
		CFrame.new(0, 2.3665328, 0, 1, 0, 0, 0, 0.735606968, 0.677408576, 0, -0.677408576, 0.735606968),
		CFrame.new(0, 1.42662621, -0.260750771, 1, 0, 0, 0, 0.853249669, 0.521502614, 0, -0.521502614, 0.853249669),
		CFrame.new(0.591621399, 0.51527977, -0.976418495, 0.730486214, 0.418403834, -0.539747894, 0.505502582, -0.862687469, 0.0153978765, -0.459191263, -0.28409192, -0.841685832),
		CFrame.new(-1.07037735, -0.293885231, 0.296770096, 0.854813159, -0.5189358, -6.07034599e-05, 0.486099362, 0.800682425, 0.350163907, -0.181664035, -0.299354225, 0.936688423),
		CFrame.new(0.705932617, -1.68638802, -0.77175045, 0.99770987, -0.0676386058, 1.00104813e-10, 0.0676386058, 0.997709751, 0, -3.7252903e-09, 2.98023224e-08, 1),
		CFrame.new(-0.62348175, -1.76923752, -0.690600395, 0.998535335, 0.054103598, -6.40234532e-11, -0.054103598, 0.998535216, 0, 0, -2.98023224e-08, 1),
	},
	{
		0.815929899999901,
		CFrame.new(0, 2.39865828, 0, 1, 0, 0, 0, 0.732901037, 0.680335224, 0, -0.680335224, 0.732901037),
		CFrame.new(0, 1.42829895, -0.257991791, 1, 0, 0, 0, 0.856597424, 0.51598525, 0, -0.51598525, 0.856597424),
		CFrame.new(0.591621399, 0.520288467, -0.972452164, 0.730486214, 0.418403834, -0.539747894, 0.505502522, -0.862687469, 0.0153979063, -0.459191203, -0.28409189, -0.841685832),
		CFrame.new(-1.07672501, -0.284088135, 0.293102264, 0.854813159, -0.5189358, -6.07034599e-05, 0.486099362, 0.800682425, 0.350163907, -0.18166405, -0.299354166, 0.936688304),
		CFrame.new(0.691856384, -1.65517235, -0.771751404, 0.998236477, -0.0593628772, 7.70867814e-11, 0.0593628734, 0.998236299, 0, -1.86264515e-09, -2.98023224e-08, 1),
		CFrame.new(-0.599029541, -1.74301147, -0.690599442, 0.9993397, 0.0363341607, -2.88622459e-11, -0.036334157, 0.999339521, 0, 0, -2.98023224e-08, 1),
	},
	{
		0.8328908000003139,
		CFrame.new(0, 2.4143157, 0, 1, 0, 0, 0, 0.731574476, 0.681761503, 0, -0.681761503, 0.731574476),
		CFrame.new(0, 1.42912865, -0.25661087, 1, 0, 0, 0, 0.858256996, 0.513220131, 0, -0.513220131, 0.858256996),
		CFrame.new(0.591621399, 0.522777557, -0.97045517, 0.730486214, 0.418403834, -0.539747894, 0.505502582, -0.862687469, 0.0153978765, -0.459191263, -0.284091979, -0.841685891),
		CFrame.new(-1.07989883, -0.279192924, 0.291272163, 0.854813159, -0.5189358, -6.07034599e-05, 0.486099303, 0.800682425, 0.350163877, -0.181664005, -0.299354196, 0.936688304),
		CFrame.new(0.684867859, -1.63965702, -0.77175045, 0.998474002, -0.0552240871, 6.67021993e-11, 0.0552240834, 0.998473823, 0, -1.86264515e-09, 0, 0.99999994),
		CFrame.new(-0.586990356, -1.72991371, -0.690600395, 0.999620855, 0.0275335237, -1.65734093e-11, -0.0275335237, 0.999620676, 0, -9.31322575e-10, 0, 0.99999994),
	},
	{
		0.8663006000024325,
		CFrame.new(0, 2.44473791, 0, 1, 0, 0, 0, 0.728911519, 0.684607863, 0, -0.684607863, 0.728911519),
		CFrame.new(0, 1.43070412, -0.253956795, 1, 0, 0, 0, 0.86141026, 0.507909477, 0, -0.507909477, 0.86141026),
		CFrame.new(0.591621399, 0.527727127, -0.966489792, 0.730486214, 0.418403834, -0.539747894, 0.505502522, -0.862687409, 0.0153978467, -0.459191233, -0.28409189, -0.841685891),
		CFrame.new(-1.0862236, -0.269443512, 0.287631035, 0.854813159, -0.5189358, -6.07034599e-05, 0.486099362, 0.800682425, 0.350163847, -0.181664005, -0.299354196, 0.936688364),
		CFrame.new(0.671134949, -1.60900593, -0.771727562, 0.998889327, -0.047118023, 4.85478324e-11, 0.047118023, 0.998889208, 0, -1.86264515e-09, 0, 0.999999881),
		CFrame.new(-0.563236237, -1.70378017, -0.690600395, 0.999948978, 0.0100996075, -2.23110419e-12, -0.0100996066, 0.999948859, 0, 0, 0, 0.999999881),
	},
	{
		0.8991014000021096,
		CFrame.new(0, 2.47386217, 0, 1, 0, 0, 0, 0.72642684, 0.687243819, 0, -0.687243819, 0.72642684),
		CFrame.new(0, 1.43219757, -0.251409531, 1, 0, 0, 0, 0.864393711, 0.502815604, 0, -0.502815604, 0.864393711),
		CFrame.new(0.591621399, 0.532649994, -0.962580681, 0.730486214, 0.418403834, -0.539747894, 0.505502641, -0.862687528, 0.0153978467, -0.459191263, -0.284092009, -0.841685891),
		CFrame.new(-1.09248734, -0.259778976, 0.284015656, 0.854813159, -0.5189358, -6.07034599e-05, 0.486099362, 0.800682545, 0.350163937, -0.18166402, -0.299354225, 0.936688423),
		CFrame.new(0.657730103, -1.57890606, -0.771752357, 0.999231994, -0.0391838849, 3.35695916e-11, 0.0391838849, 0.999231935, 0, 0, 5.96046448e-08, 1),
		CFrame.new(-0.540210724, -1.67791557, -0.690601349, 0.999976158, -0.00690558972, -1.04094511e-12, 0.00690558972, 0.999976039, 0, 0, 0, 1),
	},
	{
		0.9157998000009684,
		CFrame.new(0, 2.48773432, 0, 1, 0, 0, 0, 0.725212395, 0.688525259, 0, -0.688525259, 0.725212395),
		CFrame.new(0, 1.43289185, -0.250208855, 1, 0, 0, 0, 0.865783751, 0.500418425, 0, -0.500418425, 0.865783751),
